time,TrialID,numTargs,HA0_engagement,HA1_engagement
1968.36,16.0,3.0,-1,-1
1968.38,16.0,3.0,-1,-1
1968.4,16.0,3.0,-1,-1
1968.42,16.0,3.0,-1,-1
1968.44,16.0,3.0,-1,-1
1968.46,16.0,3.0,-1,-1
1968.48,16.0,3.0,-1,-1
1968.5,16.0,3.0,-1,-1
1968.52,16.0,3.0,-1,-1
1968.54,16.0,3.0,-1,-1
1968.56,16.0,3.0,-1,-1
1968.58,16.0,3.0,-1,-1
1968.6,16.0,3.0,-1,-1
1968.62,16.0,3.0,-1,-1
1968.64,16.0,3.0,-1,-1
1968.66,16.0,3.0,-1,-1
1968.68,16.0,3.0,-1,-1
1968.7,16.0,3.0,-1,-1
1968.72,16.0,3.0,-1,-1
1968.74,16.0,3.0,-1,-1
1968.76,16.0,3.0,-1,-1
1968.78,16.0,3.0,-1,-1
1968.8,16.0,3.0,-1,-1
1968.82,16.0,3.0,-1,-1
1968.84,16.0,3.0,-1,-1
1968.86,16.0,3.0,-1,-1
1968.88,16.0,3.0,-1,-1
1968.9,16.0,3.0,-1,-1
1968.92,16.0,3.0,-1,-1
1968.94,16.0,3.0,-1,-1
1968.96,16.0,3.0,-1,-1
1968.98,16.0,3.0,-1,-1
1969.0,16.0,3.0,-1,-1
1969.02,16.0,3.0,-1,-1
1969.04,16.0,3.0,-1,-1
1969.06,16.0,3.0,-1,-1
1969.08,16.0,3.0,-1,-1
1969.1,16.0,3.0,-1,-1
1969.12,16.0,3.0,-1,-1
1969.14,16.0,3.0,-1,-1
1969.16,16.0,3.0,-1,-1
1969.18,16.0,3.0,-1,-1
1969.2,16.0,3.0,-1,-1
1969.22,16.0,3.0,-1,-1
1969.24,16.0,3.0,-1,-1
1969.26,16.0,3.0,-1,-1
1969.28,16.0,3.0,-1,-1
1969.3,16.0,3.0,-1,-1
1969.32,16.0,3.0,-1,-1
1969.34,16.0,3.0,-1,-1
1969.36,16.0,3.0,-1,-1
1969.38,16.0,3.0,-1,-1
1969.4,16.0,3.0,-1,-1
1969.42,16.0,3.0,-1,-1
1969.44,16.0,3.0,-1,-1
1969.46,16.0,3.0,-1,-1
1969.48,16.0,3.0,-1,-1
1969.5,16.0,3.0,-1,-1
1969.52,16.0,3.0,-1,-1
1969.54,16.0,3.0,-1,-1
1969.56,16.0,3.0,-1,-1
1969.58,16.0,3.0,-1,-1
1969.6,16.0,3.0,-1,-1
1969.62,16.0,3.0,-1,-1
1969.64,16.0,3.0,-1,-1
1969.66,16.0,3.0,-1,-1
1969.68,16.0,3.0,-1,-1
1969.7,16.0,3.0,-1,-1
1969.72,16.0,3.0,-1,-1
1969.74,16.0,3.0,-1,-1
1969.76,16.0,3.0,-1,-1
1969.78,16.0,3.0,-1,-1
1969.8,16.0,3.0,-1,-1
1969.82,16.0,3.0,-1,-1
1969.84,16.0,3.0,-1,-1
1969.86,16.0,3.0,-1,-1
1969.88,16.0,3.0,-1,-1
1969.9,16.0,3.0,-1,-1
1969.92,16.0,3.0,-1,-1
1969.94,16.0,3.0,-1,-1
1969.96,16.0,3.0,-1,-1
1969.98,16.0,3.0,-1,-1
1970.0,16.0,3.0,-1,-1
1970.02,16.0,3.0,-1,-1
1970.04,16.0,3.0,-1,-1
1970.06,16.0,3.0,-1,-1
1970.08,16.0,3.0,-1,-1
1970.1,16.0,3.0,-1,-1
1970.12,16.0,3.0,-1,-1
1970.14,16.0,3.0,-1,-1
1970.16,16.0,3.0,-1,-1
1970.18,16.0,3.0,-1,-1
1970.2,16.0,3.0,-1,-1
1970.22,16.0,3.0,-1,-1
1970.24,16.0,3.0,-1,-1
1970.26,16.0,3.0,-1,-1
1970.28,16.0,3.0,-1,-1
1970.3,16.0,3.0,-1,-1
1970.32,16.0,3.0,-1,-1
1970.34,16.0,3.0,-1,-1
1970.36,16.0,3.0,-1,-1
1970.38,16.0,3.0,-1,-1
1970.4,16.0,3.0,-1,-1
1970.42,16.0,3.0,-1,-1
1970.44,16.0,3.0,-1,-1
1970.46,16.0,3.0,-1,-1
1970.48,16.0,3.0,-1,-1
1970.5,16.0,3.0,-1,-1
1970.52,16.0,3.0,-1,-1
1970.54,16.0,3.0,-1,-1
1970.56,16.0,3.0,-1,-1
1970.58,16.0,3.0,-1,-1
1970.6,16.0,3.0,-1,-1
1970.62,16.0,3.0,-1,-1
1970.64,16.0,3.0,-1,-1
1970.66,16.0,3.0,-1,-1
1970.68,16.0,3.0,-1,-1
1970.7,16.0,3.0,-1,-1
1970.72,16.0,3.0,-1,-1
1970.74,16.0,3.0,-1,-1
1970.76,16.0,3.0,-1,-1
1970.78,16.0,3.0,-1,-1
1970.8,16.0,3.0,-1,-1
1970.82,16.0,3.0,-1,-1
1970.84,16.0,3.0,-1,-1
1970.86,16.0,3.0,-1,-1
1970.88,16.0,3.0,-1,-1
1970.9,16.0,3.0,-1,-1
1970.92,16.0,3.0,-1,-1
1970.94,16.0,3.0,-1,-1
1970.96,16.0,3.0,-1,-1
1970.98,16.0,3.0,-1,-1
1971.0,16.0,3.0,-1,-1
1971.02,16.0,3.0,-1,-1
1971.04,16.0,3.0,-1,-1
1971.06,16.0,3.0,-1,-1
1971.08,16.0,3.0,-1,-1
1971.1,16.0,3.0,-1,-1
1971.12,16.0,3.0,-1,-1
1971.14,16.0,3.0,-1,-1
1971.16,16.0,3.0,-1,-1
1971.18,16.0,3.0,-1,-1
1971.2,16.0,3.0,-1,-1
1971.22,16.0,3.0,-1,-1
1971.24,16.0,3.0,-1,-1
1971.26,16.0,3.0,-1,-1
1971.28,16.0,3.0,-1,-1
1971.3,16.0,3.0,-1,-1
1971.32,16.0,3.0,-1,-1
1971.34,16.0,3.0,-1,-1
1971.36,16.0,3.0,-1,-1
1971.38,16.0,3.0,-1,-1
1971.4,16.0,3.0,-1,-1
1971.42,16.0,3.0,-1,-1
1971.44,16.0,3.0,-1,-1
1971.46,16.0,3.0,-1,-1
1971.48,16.0,3.0,-1,-1
1971.5,16.0,3.0,-1,-1
1971.52,16.0,3.0,-1,-1
1971.54,16.0,3.0,-1,-1
1971.56,16.0,3.0,-1,-1
1971.58,16.0,3.0,-1,-1
1971.6,16.0,3.0,-1,-1
1971.62,16.0,3.0,-1,-1
1971.64,16.0,3.0,-1,-1
1971.66,16.0,3.0,-1,-1
1971.68,16.0,3.0,-1,-1
1971.7,16.0,3.0,-1,-1
1971.72,16.0,3.0,-1,-1
1971.74,16.0,3.0,-1,-1
1971.76,16.0,3.0,-1,-1
1971.78,16.0,3.0,-1,-1
1971.8,16.0,3.0,-1,-1
1971.82,16.0,3.0,-1,-1
1971.84,16.0,3.0,-1,-1
1971.86,16.0,3.0,-1,-1
1971.88,16.0,3.0,-1,-1
1971.9,16.0,3.0,-1,-1
1971.92,16.0,3.0,-1,-1
1971.94,16.0,3.0,-1,-1
1971.96,16.0,3.0,-1,-1
1971.98,16.0,3.0,-1,-1
1972.0,16.0,3.0,-1,-1
1972.02,16.0,3.0,-1,-1
1972.04,16.0,3.0,-1,-1
1972.06,16.0,3.0,-1,-1
1972.08,16.0,3.0,-1,-1
1972.1,16.0,3.0,-1,-1
1972.12,16.0,3.0,-1,-1
1972.14,16.0,3.0,-1,-1
1972.16,16.0,3.0,-1,-1
1972.18,16.0,3.0,-1,-1
1972.2,16.0,3.0,-1,-1
1972.22,16.0,3.0,-1,-1
1972.24,16.0,3.0,-1,-1
1972.26,16.0,3.0,-1,-1
1972.28,16.0,3.0,-1,-1
1972.3,16.0,3.0,-1,-1
1972.32,16.0,3.0,-1,-1
1972.34,16.0,3.0,-1,-1
1972.36,16.0,3.0,-1,-1
1972.38,16.0,3.0,-1,-1
1972.4,16.0,3.0,-1,-1
1972.42,16.0,3.0,-1,-1
1972.44,16.0,3.0,-1,-1
1972.46,16.0,3.0,-1,-1
1972.48,16.0,3.0,-1,-1
1972.5,16.0,3.0,-1,-1
1972.52,16.0,3.0,-1,-1
1972.54,16.0,3.0,-1,-1
1972.56,16.0,3.0,-1,-1
1972.58,16.0,3.0,-1,-1
1972.6,16.0,3.0,-1,-1
1972.62,16.0,3.0,-1,-1
1972.64,16.0,3.0,-1,-1
1972.66,16.0,3.0,-1,-1
1972.68,16.0,3.0,-1,-1
1972.7,16.0,3.0,-1,-1
1972.72,16.0,3.0,-1,-1
1972.74,16.0,3.0,-1,-1
1972.76,16.0,3.0,-1,-1
1972.78,16.0,3.0,-1,-1
1972.8,16.0,3.0,-1,-1
1972.82,16.0,3.0,-1,-1
1972.84,16.0,3.0,-1,-1
1972.86,16.0,3.0,-1,-1
1972.88,16.0,3.0,-1,-1
1972.9,16.0,3.0,-1,-1
1972.92,16.0,3.0,-1,-1
1972.94,16.0,3.0,-1,-1
1972.96,16.0,3.0,-1,-1
1972.98,16.0,3.0,-1,-1
1973.0,16.0,3.0,-1,-1
1973.02,16.0,3.0,-1,-1
1973.04,16.0,3.0,-1,-1
1973.06,16.0,3.0,-1,-1
1973.08,16.0,3.0,-1,-1
1973.1,16.0,3.0,-1,-1
1973.12,16.0,3.0,-1,-1
1973.14,16.0,3.0,-1,-1
1973.16,16.0,3.0,-1,-1
1973.18,16.0,3.0,-1,-1
1973.2,16.0,3.0,-1,-1
1973.22,16.0,3.0,-1,-1
1973.24,16.0,3.0,-1,-1
1973.26,16.0,3.0,-1,-1
1973.28,16.0,3.0,-1,-1
1973.3,16.0,3.0,-1,-1
1973.32,16.0,3.0,-1,-1
1973.34,16.0,3.0,-1,-1
1973.36,16.0,3.0,-1,-1
1973.38,16.0,3.0,-1,-1
1973.4,16.0,3.0,-1,-1
1973.42,16.0,3.0,-1,-1
1973.44,16.0,3.0,-1,-1
1973.46,16.0,3.0,-1,-1
1973.48,16.0,3.0,-1,-1
1973.5,16.0,3.0,-1,-1
1973.52,16.0,3.0,-1,-1
1973.54,16.0,3.0,-1,-1
1973.56,16.0,3.0,-1,-1
1973.58,16.0,3.0,-1,-1
1973.6,16.0,3.0,-1,-1
1973.62,16.0,3.0,-1,-1
1973.64,16.0,3.0,-1,-1
1973.66,16.0,3.0,-1,-1
1973.68,16.0,3.0,-1,-1
1973.7,16.0,3.0,-1,-1
1973.72,16.0,3.0,-1,-1
1973.74,16.0,3.0,-1,-1
1973.76,16.0,3.0,-1,-1
1973.78,16.0,3.0,-1,-1
1973.8,16.0,3.0,-1,-1
1973.82,16.0,3.0,-1,-1
1973.84,16.0,3.0,-1,-1
1973.86,16.0,3.0,-1,-1
1973.88,16.0,3.0,-1,-1
1973.9,16.0,3.0,-1,-1
1973.92,16.0,3.0,-1,-1
1973.94,16.0,3.0,-1,-1
1973.96,16.0,3.0,-1,-1
1973.98,16.0,3.0,-1,-1
1974.0,16.0,3.0,-1,-1
1974.02,16.0,3.0,-1,-1
1974.04,16.0,3.0,-1,-1
1974.06,16.0,3.0,-1,-1
1974.08,16.0,3.0,-1,-1
1974.1,16.0,3.0,-1,-1
1974.12,16.0,3.0,-1,-1
1974.14,16.0,3.0,-1,-1
1974.16,16.0,3.0,-1,-1
1974.18,16.0,3.0,-1,-1
1974.2,16.0,3.0,-1,-1
1974.22,16.0,3.0,-1,-1
1974.24,16.0,3.0,-1,-1
1974.26,16.0,3.0,-1,-1
1974.28,16.0,3.0,-1,-1
1974.3,16.0,3.0,-1,-1
1974.32,16.0,3.0,-1,-1
1974.34,16.0,3.0,-1,-1
1974.36,16.0,3.0,-1,-1
1974.38,16.0,3.0,-1,-1
1974.4,16.0,3.0,-1,-1
1974.42,16.0,3.0,-1,-1
1974.44,16.0,3.0,-1,-1
1974.46,16.0,3.0,-1,-1
1974.48,16.0,3.0,-1,-1
1974.5,16.0,3.0,-1,-1
1974.52,16.0,3.0,-1,-1
1974.54,16.0,3.0,-1,-1
1974.56,16.0,3.0,-1,-1
1974.58,16.0,3.0,-1,-1
1974.6,16.0,3.0,-1,-1
1974.62,16.0,3.0,-1,-1
1974.64,16.0,3.0,-1,-1
1974.66,16.0,3.0,-1,-1
1974.68,16.0,3.0,-1,-1
1974.7,16.0,3.0,-1,-1
1974.72,16.0,3.0,-1,-1
1974.74,16.0,3.0,-1,-1
1974.76,16.0,3.0,-1,-1
1974.78,16.0,3.0,-1,-1
1974.8,16.0,3.0,-1,-1
1974.82,16.0,3.0,-1,-1
1974.84,16.0,3.0,-1,-1
1974.86,16.0,3.0,-1,-1
1974.88,16.0,3.0,-1,-1
1974.9,16.0,3.0,-1,-1
1974.92,16.0,3.0,-1,-1
1974.94,16.0,3.0,-1,-1
1974.96,16.0,3.0,-1,-1
1974.98,16.0,3.0,-1,-1
1975.0,16.0,3.0,-1,-1
1975.02,16.0,3.0,-1,-1
1975.04,16.0,3.0,-1,-1
1975.06,16.0,3.0,-1,-1
1975.08,16.0,3.0,-1,-1
1975.1,16.0,3.0,-1,-1
1975.12,16.0,3.0,-1,-1
1975.14,16.0,3.0,-1,-1
1975.16,16.0,3.0,-1,-1
1975.18,16.0,3.0,-1,-1
1975.2,16.0,3.0,-1,-1
1975.22,16.0,3.0,-1,-1
1975.24,16.0,3.0,-1,-1
1975.26,16.0,3.0,-1,-1
1975.28,16.0,3.0,-1,-1
1975.3,16.0,3.0,-1,-1
1975.32,16.0,3.0,-1,-1
1975.34,16.0,3.0,-1,-1
1975.36,16.0,3.0,-1,-1
1975.38,16.0,3.0,-1,-1
1975.4,16.0,3.0,-1,-1
1975.42,16.0,3.0,-1,-1
1975.44,16.0,3.0,-1,-1
1975.46,16.0,3.0,-1,-1
1975.48,16.0,3.0,-1,-1
1975.5,16.0,3.0,-1,-1
1975.52,16.0,3.0,-1,-1
1975.54,16.0,3.0,-1,-1
1975.56,16.0,3.0,-1,-1
1975.58,16.0,3.0,-1,-1
1975.6,16.0,3.0,-1,-1
1975.62,16.0,3.0,-1,-1
1975.64,16.0,3.0,-1,-1
1975.66,16.0,3.0,-1,-1
1975.68,16.0,3.0,-1,-1
1975.7,16.0,3.0,-1,-1
1975.72,16.0,3.0,-1,-1
1975.74,16.0,3.0,-1,-1
1975.76,16.0,3.0,-1,-1
1975.78,16.0,3.0,-1,-1
1975.8,16.0,3.0,-1,-1
1975.82,16.0,3.0,-1,-1
1975.84,16.0,3.0,-1,-1
1975.86,16.0,3.0,-1,-1
1975.88,16.0,3.0,-1,-1
1975.9,16.0,3.0,-1,-1
1975.92,16.0,3.0,-1,-1
1975.94,16.0,3.0,-1,-1
1975.96,16.0,3.0,-1,-1
1975.98,16.0,3.0,-1,-1
1976.0,16.0,3.0,-1,-1
1976.02,16.0,3.0,-1,-1
1976.04,16.0,3.0,-1,-1
1976.06,16.0,3.0,-1,-1
1976.08,16.0,3.0,-1,-1
1976.1,16.0,3.0,-1,-1
1976.12,16.0,3.0,-1,-1
1976.14,16.0,3.0,-1,-1
1976.16,16.0,3.0,-1,-1
1976.18,16.0,3.0,-1,-1
1976.2,16.0,3.0,-1,-1
1976.22,16.0,3.0,-1,-1
1976.24,16.0,3.0,-1,-1
1976.26,16.0,3.0,-1,-1
1976.28,16.0,3.0,-1,-1
1976.3,16.0,3.0,-1,-1
1976.32,16.0,3.0,-1,-1
1976.34,16.0,3.0,-1,-1
1976.36,16.0,3.0,-1,-1
1976.38,16.0,3.0,-1,-1
1976.4,16.0,3.0,-1,-1
1976.42,16.0,3.0,-1,-1
1976.44,16.0,3.0,-1,-1
1976.46,16.0,3.0,-1,-1
1976.48,16.0,3.0,-1,-1
1976.5,16.0,3.0,-1,-1
1976.52,16.0,3.0,-1,-1
1976.54,16.0,3.0,-1,-1
1976.56,16.0,3.0,-1,-1
1976.58,16.0,3.0,-1,-1
1976.6,16.0,3.0,-1,-1
1976.62,16.0,3.0,-1,-1
1976.64,16.0,3.0,-1,-1
1976.66,16.0,3.0,-1,-1
1976.68,16.0,3.0,-1,-1
1976.7,16.0,3.0,-1,-1
1976.72,16.0,3.0,-1,-1
1976.74,16.0,3.0,-1,-1
1976.76,16.0,3.0,-1,-1
1976.78,16.0,3.0,-1,-1
1976.8,16.0,3.0,-1,-1
1976.82,16.0,3.0,-1,-1
1976.84,16.0,3.0,-1,-1
1976.86,16.0,3.0,-1,-1
1976.88,16.0,3.0,-1,-1
1976.9,16.0,3.0,-1,-1
1976.92,16.0,3.0,-1,-1
1976.94,16.0,3.0,-1,-1
1976.96,16.0,3.0,-1,-1
1976.98,16.0,3.0,-1,-1
1977.0,16.0,3.0,-1,-1
1977.02,16.0,3.0,-1,-1
1977.04,16.0,3.0,-1,-1
1977.06,16.0,3.0,-1,-1
1977.08,16.0,3.0,-1,-1
1977.1,16.0,3.0,-1,-1
1977.12,16.0,3.0,-1,-1
1977.14,16.0,3.0,-1,-1
1977.16,16.0,3.0,-1,-1
1977.18,16.0,3.0,-1,-1
1977.2,16.0,3.0,-1,-1
1977.22,16.0,3.0,-1,-1
1977.24,16.0,3.0,-1,-1
1977.26,16.0,3.0,-1,-1
1977.28,16.0,3.0,-1,-1
1977.3,16.0,3.0,-1,-1
1977.32,16.0,3.0,-1,-1
1977.34,16.0,3.0,-1,-1
1977.36,16.0,3.0,-1,-1
1977.38,16.0,3.0,-1,-1
1977.4,16.0,3.0,-1,-1
1977.42,16.0,3.0,-1,-1
1977.44,16.0,3.0,-1,-1
1977.46,16.0,3.0,-1,-1
1977.48,16.0,3.0,-1,-1
1977.5,16.0,3.0,-1,-1
1977.52,16.0,3.0,-1,-1
1977.54,16.0,3.0,-1,-1
1977.56,16.0,3.0,-1,-1
1977.58,16.0,3.0,-1,-1
1977.6,16.0,3.0,-1,-1
1977.62,16.0,3.0,-1,-1
1977.64,16.0,3.0,-1,-1
1977.66,16.0,3.0,-1,-1
1977.68,16.0,3.0,-1,-1
1977.7,16.0,3.0,-1,-1
1977.72,16.0,3.0,-1,-1
1977.74,16.0,3.0,-1,-1
1977.76,16.0,3.0,-1,-1
1977.78,16.0,3.0,-1,-1
1977.8,16.0,3.0,-1,-1
1977.82,16.0,3.0,-1,-1
1977.84,16.0,3.0,-1,-1
1977.86,16.0,3.0,-1,-1
1977.88,16.0,3.0,-1,-1
1977.9,16.0,3.0,-1,-1
1977.92,16.0,3.0,-1,-1
1977.94,16.0,3.0,-1,-1
1977.96,16.0,3.0,-1,-1
1977.98,16.0,3.0,-1,-1
1978.0,16.0,3.0,-1,-1
1978.02,16.0,3.0,-1,-1
1978.04,16.0,3.0,-1,-1
1978.06,16.0,3.0,-1,-1
1978.08,16.0,3.0,-1,-1
1978.1,16.0,3.0,-1,-1
1978.12,16.0,3.0,-1,-1
1978.14,16.0,3.0,-1,-1
1978.16,16.0,3.0,-1,-1
1978.18,16.0,3.0,-1,-1
1978.2,16.0,3.0,-1,-1
1978.22,16.0,3.0,-1,-1
1978.24,16.0,3.0,-1,-1
1978.26,16.0,3.0,-1,-1
1978.28,16.0,3.0,-1,-1
1978.3,16.0,3.0,-1,-1
1978.32,16.0,3.0,-1,-1
1978.34,16.0,3.0,-1,-1
1978.36,16.0,3.0,-1,-1
1978.38,16.0,3.0,-1,-1
1978.4,16.0,3.0,-1,-1
1978.42,16.0,3.0,-1,-1
1978.44,16.0,3.0,-1,-1
1978.46,16.0,3.0,-1,-1
1978.48,16.0,3.0,-1,-1
1978.5,16.0,3.0,-1,-1
1978.52,16.0,3.0,-1,-1
1978.54,16.0,3.0,-1,-1
1978.56,16.0,3.0,-1,-1
1978.58,16.0,3.0,-1,-1
1978.6,16.0,3.0,-1,-1
1978.62,16.0,3.0,-1,-1
1978.64,16.0,3.0,-1,-1
1978.66,16.0,3.0,-1,-1
1978.68,16.0,3.0,-1,-1
1978.7,16.0,3.0,-1,-1
1978.72,16.0,3.0,-1,-1
1978.74,16.0,3.0,-1,-1
1978.76,16.0,3.0,-1,-1
1978.78,16.0,3.0,-1,-1
1978.8,16.0,3.0,-1,-1
1978.82,16.0,3.0,-1,-1
1978.84,16.0,3.0,-1,-1
1978.86,16.0,3.0,-1,-1
1978.88,16.0,3.0,-1,-1
1978.9,16.0,3.0,-1,-1
1978.92,16.0,3.0,-1,-1
1978.94,16.0,3.0,-1,-1
1978.96,16.0,3.0,-1,-1
1978.98,16.0,3.0,-1,-1
1979.0,16.0,3.0,-1,-1
1979.02,16.0,3.0,-1,-1
1979.04,16.0,3.0,-1,-1
1979.06,16.0,3.0,-1,-1
1979.08,16.0,3.0,-1,-1
1979.1,16.0,3.0,-1,-1
1979.12,16.0,3.0,-1,-1
1979.14,16.0,3.0,-1,-1
1979.16,16.0,3.0,-1,-1
1979.18,16.0,3.0,-1,-1
1979.2,16.0,3.0,-1,-1
1979.22,16.0,3.0,-1,-1
1979.24,16.0,3.0,-1,-1
1979.26,16.0,3.0,-1,-1
1979.28,16.0,3.0,-1,-1
1979.3,16.0,3.0,-1,-1
1979.32,16.0,3.0,-1,-1
1979.34,16.0,3.0,-1,-1
1979.36,16.0,3.0,-1,-1
1979.38,16.0,3.0,-1,-1
1979.4,16.0,3.0,-1,-1
1979.42,16.0,3.0,-1,-1
1979.44,16.0,3.0,-1,-1
1979.46,16.0,3.0,-1,-1
1979.48,16.0,3.0,-1,-1
1979.5,16.0,3.0,-1,-1
1979.52,16.0,3.0,-1,-1
1979.54,16.0,3.0,-1,-1
1979.56,16.0,3.0,-1,-1
1979.58,16.0,3.0,-1,-1
1979.6,16.0,3.0,-1,-1
1979.62,16.0,3.0,-1,-1
1979.64,16.0,3.0,-1,-1
1979.66,16.0,3.0,-1,-1
1979.68,16.0,3.0,-1,-1
1979.7,16.0,3.0,-1,-1
1979.72,16.0,3.0,-1,-1
1979.74,16.0,3.0,-1,-1
1979.76,16.0,3.0,-1,-1
1979.78,16.0,3.0,-1,-1
1979.8,16.0,3.0,-1,-1
1979.82,16.0,3.0,-1,-1
1979.84,16.0,3.0,-1,-1
1979.86,16.0,3.0,-1,-1
1979.88,16.0,3.0,-1,-1
1979.9,16.0,3.0,-1,-1
1979.92,16.0,3.0,-1,-1
1979.94,16.0,3.0,-1,-1
1979.96,16.0,3.0,-1,-1
1979.98,16.0,3.0,-1,-1
1980.0,16.0,3.0,-1,-1
1980.02,16.0,3.0,-1,-1
1980.04,16.0,3.0,-1,-1
1980.06,16.0,3.0,-1,-1
1980.08,16.0,3.0,-1,-1
1980.1,16.0,3.0,-1,-1
1980.12,16.0,3.0,-1,-1
1980.14,16.0,3.0,-1,-1
1980.16,16.0,3.0,-1,-1
1980.18,16.0,3.0,-1,-1
1980.2,16.0,3.0,-1,-1
1980.22,16.0,3.0,-1,-1
1980.24,16.0,3.0,-1,-1
1980.26,16.0,3.0,-1,-1
1980.28,16.0,3.0,-1,-1
1980.3,16.0,3.0,-1,-1
1980.32,16.0,3.0,-1,-1
1980.34,16.0,3.0,-1,-1
1980.36,16.0,3.0,-1,-1
1980.38,16.0,3.0,-1,-1
1980.4,16.0,3.0,-1,-1
1980.42,16.0,3.0,-1,-1
1980.44,16.0,3.0,-1,-1
1980.46,16.0,3.0,-1,-1
1980.48,16.0,3.0,-1,-1
1980.5,16.0,3.0,-1,-1
1980.52,16.0,3.0,-1,-1
1980.54,16.0,3.0,-1,-1
1980.56,16.0,3.0,-1,-1
1980.58,16.0,3.0,-1,-1
1980.6,16.0,3.0,-1,-1
1980.62,16.0,3.0,-1,-1
1980.64,16.0,3.0,-1,-1
1980.66,16.0,3.0,-1,-1
1980.68,16.0,3.0,-1,-1
1980.7,16.0,3.0,-1,-1
1980.72,16.0,3.0,-1,-1
1980.74,16.0,3.0,-1,-1
1980.76,16.0,3.0,-1,-1
1980.78,16.0,3.0,-1,-1
1980.8,16.0,3.0,-1,-1
1980.82,16.0,3.0,-1,-1
1980.84,16.0,3.0,-1,-1
1980.86,16.0,3.0,-1,-1
1980.88,16.0,3.0,-1,-1
1980.9,16.0,3.0,-1,-1
1980.92,16.0,3.0,-1,-1
1980.94,16.0,3.0,-1,-1
1980.96,16.0,3.0,-1,-1
1980.98,16.0,3.0,-1,-1
1981.0,16.0,3.0,-1,-1
1981.02,16.0,3.0,-1,-1
1981.04,16.0,3.0,-1,-1
1981.06,16.0,3.0,-1,-1
1981.08,16.0,3.0,-1,-1
1981.1,16.0,3.0,-1,-1
1981.12,16.0,3.0,-1,-1
1981.14,16.0,3.0,-1,-1
1981.16,16.0,3.0,-1,-1
1981.18,16.0,3.0,-1,-1
1981.2,16.0,3.0,-1,-1
1981.22,16.0,3.0,-1,-1
1981.24,16.0,3.0,-1,-1
1981.26,16.0,3.0,-1,-1
1981.28,16.0,3.0,-1,-1
1981.3,16.0,3.0,-1,-1
1981.32,16.0,3.0,-1,-1
1981.34,16.0,3.0,-1,-1
1981.36,16.0,3.0,-1,-1
1981.38,16.0,3.0,-1,-1
1981.4,16.0,3.0,-1,-1
1981.42,16.0,3.0,-1,-1
1981.44,16.0,3.0,-1,-1
1981.46,16.0,3.0,-1,-1
1981.48,16.0,3.0,-1,-1
1981.5,16.0,3.0,-1,-1
1981.52,16.0,3.0,-1,-1
1981.54,16.0,3.0,-1,-1
1981.56,16.0,3.0,-1,-1
1981.58,16.0,3.0,-1,-1
1981.6,16.0,3.0,-1,-1
1981.62,16.0,3.0,-1,-1
1981.64,16.0,3.0,-1,-1
1981.66,16.0,3.0,-1,-1
1981.68,16.0,3.0,-1,-1
1981.7,16.0,3.0,-1,-1
1981.72,16.0,3.0,-1,-1
1981.74,16.0,3.0,-1,-1
1981.76,16.0,3.0,-1,-1
1981.78,16.0,3.0,-1,-1
1981.8,16.0,3.0,-1,-1
1981.82,16.0,3.0,-1,-1
1981.84,16.0,3.0,-1,-1
1981.86,16.0,3.0,-1,-1
1981.88,16.0,3.0,-1,-1
1981.9,16.0,3.0,-1,-1
1981.92,16.0,3.0,-1,-1
1981.94,16.0,3.0,-1,-1
1981.96,16.0,3.0,-1,-1
1981.98,16.0,3.0,-1,-1
1982.0,16.0,3.0,-1,-1
1982.02,16.0,3.0,-1,-1
1982.04,16.0,3.0,-1,-1
1982.06,16.0,3.0,-1,-1
1982.08,16.0,3.0,-1,-1
1982.1,16.0,3.0,-1,-1
1982.12,16.0,3.0,-1,-1
1982.14,16.0,3.0,-1,-1
1982.16,16.0,3.0,-1,-1
1982.18,16.0,3.0,-1,-1
1982.2,16.0,3.0,-1,-1
1982.22,16.0,3.0,-1,-1
1982.24,16.0,3.0,-1,-1
1982.26,16.0,3.0,-1,-1
1982.28,16.0,3.0,-1,-1
1982.3,16.0,3.0,-1,-1
1982.32,16.0,3.0,-1,-1
1982.34,16.0,3.0,-1,-1
1982.36,16.0,3.0,-1,-1
1982.38,16.0,3.0,-1,-1
1982.4,16.0,3.0,-1,-1
1982.42,16.0,3.0,-1,-1
1982.44,16.0,3.0,-1,-1
1982.46,16.0,3.0,-1,-1
1982.48,16.0,3.0,-1,-1
1982.5,16.0,3.0,-1,-1
1982.52,16.0,3.0,-1,-1
1982.54,16.0,3.0,-1,-1
1982.56,16.0,3.0,-1,-1
1982.58,16.0,3.0,-1,-1
1982.6,16.0,3.0,-1,-1
1982.62,16.0,3.0,-1,-1
1982.64,16.0,3.0,-1,-1
1982.66,16.0,3.0,-1,-1
1982.68,16.0,3.0,-1,-1
1982.7,16.0,3.0,-1,-1
1982.72,16.0,3.0,-1,-1
1982.74,16.0,3.0,-1,-1
1982.76,16.0,3.0,-1,-1
1982.78,16.0,3.0,-1,-1
1982.8,16.0,3.0,-1,-1
1982.82,16.0,3.0,-1,-1
1982.84,16.0,3.0,-1,-1
1982.86,16.0,3.0,-1,-1
1982.88,16.0,3.0,-1,-1
1982.9,16.0,3.0,-1,-1
1982.92,16.0,3.0,-1,-1
1982.94,16.0,3.0,-1,-1
1982.96,16.0,3.0,-1,-1
1982.98,16.0,3.0,-1,-1
1983.0,16.0,3.0,-1,-1
1983.02,16.0,3.0,-1,-1
1983.04,16.0,3.0,-1,-1
1983.06,16.0,3.0,-1,-1
1983.08,16.0,3.0,-1,-1
1983.1,16.0,3.0,-1,-1
1983.12,16.0,3.0,-1,-1
1983.14,16.0,3.0,-1,-1
1983.16,16.0,3.0,-1,-1
1983.18,16.0,3.0,-1,-1
1983.2,16.0,3.0,-1,-1
1983.22,16.0,3.0,-1,-1
1983.24,16.0,3.0,-1,-1
1983.26,16.0,3.0,-1,-1
1983.28,16.0,3.0,-1,-1
1983.3,16.0,3.0,-1,-1
1983.32,16.0,3.0,-1,-1
1983.34,16.0,3.0,-1,-1
1983.36,16.0,3.0,-1,-1
1983.38,16.0,3.0,-1,-1
1983.4,16.0,3.0,-1,-1
1983.42,16.0,3.0,-1,-1
1983.44,16.0,3.0,-1,-1
1983.46,16.0,3.0,-1,-1
1983.48,16.0,3.0,-1,-1
1983.5,16.0,3.0,-1,-1
1983.52,16.0,3.0,-1,-1
1983.54,16.0,3.0,-1,-1
1983.56,16.0,3.0,-1,-1
1983.58,16.0,3.0,-1,-1
1983.6,16.0,3.0,-1,-1
1983.62,16.0,3.0,-1,-1
1983.64,16.0,3.0,-1,-1
1983.66,16.0,3.0,-1,-1
1983.68,16.0,3.0,-1,-1
1983.7,16.0,3.0,-1,-1
1983.72,16.0,3.0,-1,-1
1983.74,16.0,3.0,-1,-1
1983.76,16.0,3.0,-1,-1
1983.78,16.0,3.0,-1,-1
1983.8,16.0,3.0,-1,-1
1983.82,16.0,3.0,-1,-1
1983.84,16.0,3.0,-1,-1
1983.86,16.0,3.0,-1,-1
1983.88,16.0,3.0,-1,-1
1983.9,16.0,3.0,-1,-1
1983.92,16.0,3.0,-1,-1
1983.94,16.0,3.0,-1,-1
1983.96,16.0,3.0,-1,-1
1983.98,16.0,3.0,-1,-1
1984.0,16.0,3.0,-1,-1
1984.02,16.0,3.0,-1,-1
1984.04,16.0,3.0,-1,-1
1984.06,16.0,3.0,-1,-1
1984.08,16.0,3.0,-1,-1
1984.1,16.0,3.0,-1,-1
1984.12,16.0,3.0,-1,-1
1984.14,16.0,3.0,-1,-1
1984.16,16.0,3.0,-1,-1
1984.18,16.0,3.0,-1,-1
1984.2,16.0,3.0,-1,-1
1984.22,16.0,3.0,-1,-1
1984.24,16.0,3.0,-1,-1
1984.26,16.0,3.0,-1,-1
1984.28,16.0,3.0,-1,-1
1984.3,16.0,3.0,-1,-1
1984.32,16.0,3.0,-1,-1
1984.34,16.0,3.0,-1,-1
1984.36,16.0,3.0,-1,-1
1984.38,16.0,3.0,-1,-1
1984.4,16.0,3.0,-1,-1
1984.42,16.0,3.0,-1,-1
1984.44,16.0,3.0,-1,-1
1984.46,16.0,3.0,-1,-1
1984.48,16.0,3.0,-1,-1
1984.5,16.0,3.0,-1,-1
1984.52,16.0,3.0,-1,-1
1984.54,16.0,3.0,-1,-1
1984.56,16.0,3.0,-1,-1
1984.58,16.0,3.0,-1,-1
1984.6,16.0,3.0,-1,-1
1984.62,16.0,3.0,-1,-1
1984.64,16.0,3.0,-1,-1
1984.66,16.0,3.0,-1,-1
1984.68,16.0,3.0,-1,-1
1984.7,16.0,3.0,-1,-1
1984.72,16.0,3.0,-1,-1
1984.74,16.0,3.0,-1,-1
1984.76,16.0,3.0,-1,-1
1984.78,16.0,3.0,-1,-1
1984.8,16.0,3.0,-1,-1
1984.82,16.0,3.0,-1,-1
1984.84,16.0,3.0,-1,-1
1984.86,16.0,3.0,-1,-1
1984.88,16.0,3.0,-1,-1
1984.9,16.0,3.0,-1,-1
1984.92,16.0,3.0,-1,-1
1984.94,16.0,3.0,-1,-1
1984.96,16.0,3.0,-1,-1
1984.98,16.0,3.0,-1,-1
1985.0,16.0,3.0,-1,-1
1985.02,16.0,3.0,-1,-1
1985.04,16.0,3.0,-1,-1
1985.06,16.0,3.0,-1,-1
1985.08,16.0,3.0,-1,-1
1985.1,16.0,3.0,-1,-1
1985.12,16.0,3.0,-1,-1
1985.14,16.0,3.0,-1,-1
1985.16,16.0,3.0,-1,-1
1985.18,16.0,3.0,-1,-1
1985.2,16.0,3.0,-1,-1
1985.22,16.0,3.0,-1,-1
1985.24,16.0,3.0,-1,-1
1985.26,16.0,3.0,-1,-1
1985.28,16.0,3.0,-1,-1
1985.3,16.0,3.0,-1,-1
1985.32,16.0,3.0,-1,-1
1985.34,16.0,3.0,-1,-1
1985.36,16.0,3.0,-1,-1
1985.38,16.0,3.0,-1,-1
1985.4,16.0,3.0,-1,-1
1985.42,16.0,3.0,-1,-1
1985.44,16.0,3.0,-1,-1
1985.46,16.0,3.0,-1,-1
1985.48,16.0,3.0,-1,-1
1985.5,16.0,3.0,-1,-1
1985.52,16.0,3.0,-1,-1
1985.54,16.0,3.0,-1,-1
1985.56,16.0,3.0,-1,-1
1985.58,16.0,3.0,-1,-1
1985.6,16.0,3.0,-1,-1
1985.62,16.0,3.0,-1,-1
1985.64,16.0,3.0,-1,-1
1985.66,16.0,3.0,-1,-1
1985.68,16.0,3.0,-1,-1
1985.7,16.0,3.0,-1,-1
1985.72,16.0,3.0,-1,-1
1985.74,16.0,3.0,-1,-1
1985.76,16.0,3.0,-1,-1
1985.78,16.0,3.0,-1,-1
1985.8,16.0,3.0,-1,-1
1985.82,16.0,3.0,-1,-1
1985.84,16.0,3.0,-1,-1
1985.86,16.0,3.0,-1,-1
1985.88,16.0,3.0,-1,-1
1985.9,16.0,3.0,-1,-1
1985.92,16.0,3.0,-1,-1
1985.94,16.0,3.0,-1,-1
1985.96,16.0,3.0,-1,-1
1985.98,16.0,3.0,-1,-1
1986.0,16.0,3.0,-1,-1
1986.02,16.0,3.0,-1,-1
1986.04,16.0,3.0,-1,-1
1986.06,16.0,3.0,-1,-1
1986.08,16.0,3.0,-1,-1
1986.1,16.0,3.0,-1,-1
1986.12,16.0,3.0,-1,-1
1986.14,16.0,3.0,-1,-1
1986.16,16.0,3.0,-1,-1
1986.18,16.0,3.0,-1,-1
1986.2,16.0,3.0,-1,-1
1986.22,16.0,3.0,-1,-1
1986.24,16.0,3.0,-1,-1
1986.26,16.0,3.0,-1,-1
1986.28,16.0,3.0,-1,-1
1986.3,16.0,3.0,-1,-1
1986.32,16.0,3.0,-1,-1
1986.34,16.0,3.0,-1,-1
1986.36,16.0,3.0,-1,-1
1986.38,16.0,3.0,-1,-1
1986.4,16.0,3.0,-1,-1
1986.42,16.0,3.0,-1,-1
1986.44,16.0,3.0,-1,-1
1986.46,16.0,3.0,-1,-1
1986.48,16.0,3.0,-1,-1
1986.5,16.0,3.0,-1,-1
1986.52,16.0,3.0,-1,-1
1986.54,16.0,3.0,-1,-1
1986.56,16.0,3.0,-1,-1
1986.58,16.0,3.0,-1,-1
1986.6,16.0,3.0,-1,-1
1986.62,16.0,3.0,-1,-1
1986.64,16.0,3.0,-1,-1
1986.66,16.0,3.0,-1,-1
1986.68,16.0,3.0,-1,-1
1986.7,16.0,3.0,-1,-1
1986.72,16.0,3.0,-1,-1
1986.74,16.0,3.0,-1,-1
1986.76,16.0,3.0,-1,-1
1986.78,16.0,3.0,-1,-1
1986.8,16.0,3.0,-1,-1
1986.82,16.0,3.0,-1,-1
1986.84,16.0,3.0,-1,-1
1986.86,16.0,3.0,-1,-1
1986.88,16.0,3.0,-1,-1
1986.9,16.0,3.0,-1,-1
1986.92,16.0,3.0,-1,-1
1986.94,16.0,3.0,-1,-1
1986.96,16.0,3.0,-1,-1
1986.98,16.0,3.0,-1,-1
1987.0,16.0,3.0,-1,-1
1987.02,16.0,3.0,-1,-1
1987.04,16.0,3.0,-1,-1
1987.06,16.0,3.0,-1,-1
1987.08,16.0,3.0,-1,-1
1987.1,16.0,3.0,-1,-1
1987.12,16.0,3.0,-1,-1
1987.14,16.0,3.0,-1,-1
1987.16,16.0,3.0,-1,-1
1987.18,16.0,3.0,-1,-1
1987.2,16.0,3.0,-1,-1
1987.22,16.0,3.0,-1,-1
1987.24,16.0,3.0,-1,-1
1987.26,16.0,3.0,-1,-1
1987.28,16.0,3.0,-1,-1
1987.3,16.0,3.0,-1,-1
1987.32,16.0,3.0,-1,-1
1987.34,16.0,3.0,-1,-1
1987.36,16.0,3.0,-1,-1
1987.38,16.0,3.0,-1,-1
1987.4,16.0,3.0,-1,-1
1987.42,16.0,3.0,-1,-1
1987.44,16.0,3.0,-1,-1
1987.46,16.0,3.0,-1,-1
1987.48,16.0,3.0,-1,-1
1987.5,16.0,3.0,-1,-1
1987.52,16.0,3.0,-1,-1
1987.54,16.0,3.0,-1,-1
1987.56,16.0,3.0,-1,-1
1987.58,16.0,3.0,-1,-1
1987.6,16.0,3.0,-1,-1
1987.62,16.0,3.0,-1,-1
1987.64,16.0,3.0,-1,-1
1987.66,16.0,3.0,-1,-1
1987.68,16.0,3.0,1,-1
1987.7,16.0,3.0,1,-1
1987.72,16.0,3.0,1,-1
1987.74,16.0,3.0,1,-1
1987.76,16.0,3.0,1,-1
1987.78,16.0,3.0,1,-1
1987.8,16.0,3.0,1,-1
1987.82,16.0,3.0,1,-1
1987.84,16.0,3.0,1,-1
1987.86,16.0,3.0,1,-1
1987.88,16.0,3.0,1,-1
1987.9,16.0,3.0,1,-1
1987.92,16.0,3.0,1,-1
1987.94,16.0,3.0,1,-1
1987.96,16.0,3.0,1,-1
1987.98,16.0,3.0,1,-1
1988.0,16.0,3.0,1,-1
1988.02,16.0,3.0,1,-1
1988.04,16.0,3.0,1,-1
1988.06,16.0,3.0,1,-1
1988.08,16.0,3.0,1,-1
1988.1,16.0,3.0,1,-1
1988.12,16.0,3.0,1,-1
1988.14,16.0,3.0,1,-1
1988.16,16.0,3.0,1,-1
1988.18,16.0,3.0,1,-1
1988.2,16.0,3.0,1,-1
1988.22,16.0,3.0,1,-1
1988.24,16.0,3.0,1,-1
1988.26,16.0,3.0,1,-1
1988.28,16.0,3.0,1,-1
1988.3,16.0,3.0,1,-1
1988.32,16.0,3.0,1,-1
1988.34,16.0,3.0,1,-1
1988.36,16.0,3.0,1,-1
1988.38,16.0,3.0,1,-1
1988.4,16.0,3.0,1,-1
1988.42,16.0,3.0,1,-1
1988.44,16.0,3.0,1,-1
1988.46,16.0,3.0,1,-1
1988.48,16.0,3.0,1,-1
1988.5,16.0,3.0,1,-1
1988.52,16.0,3.0,1,-1
1988.54,16.0,3.0,1,-1
1988.56,16.0,3.0,1,-1
1988.58,16.0,3.0,1,-1
1988.6,16.0,3.0,1,-1
1988.62,16.0,3.0,1,-1
1988.64,16.0,3.0,1,-1
1988.66,16.0,3.0,1,-1
1988.68,16.0,3.0,1,-1
1988.7,16.0,3.0,1,-1
1988.72,16.0,3.0,1,-1
1988.74,16.0,3.0,1,-1
1988.76,16.0,3.0,1,-1
1988.78,16.0,3.0,1,-1
1988.8,16.0,3.0,1,-1
1988.82,16.0,3.0,1,-1
1988.84,16.0,3.0,1,-1
1988.86,16.0,3.0,1,-1
1988.88,16.0,3.0,1,-1
1988.9,16.0,3.0,1,-1
1988.92,16.0,3.0,1,-1
1988.94,16.0,3.0,1,-1
1988.96,16.0,3.0,1,-1
1988.98,16.0,3.0,1,-1
1989.0,16.0,3.0,1,-1
1989.02,16.0,3.0,1,-1
1989.04,16.0,3.0,1,-1
1989.06,16.0,3.0,1,-1
1989.08,16.0,3.0,1,-1
1989.1,16.0,3.0,1,-1
1989.12,16.0,3.0,1,-1
1989.14,16.0,3.0,1,-1
1989.16,16.0,3.0,1,-1
1989.18,16.0,3.0,1,-1
1989.2,16.0,3.0,1,-1
1989.22,16.0,3.0,1,-1
1989.24,16.0,3.0,1,-1
1989.26,16.0,3.0,1,-1
1989.28,16.0,3.0,1,-1
1989.3,16.0,3.0,1,-1
1989.32,16.0,3.0,1,-1
1989.34,16.0,3.0,1,-1
1989.36,16.0,3.0,1,-1
1989.38,16.0,3.0,1,-1
1989.4,16.0,3.0,1,-1
1989.42,16.0,3.0,1,-1
1989.44,16.0,3.0,1,-1
1989.46,16.0,3.0,1,-1
1989.48,16.0,3.0,1,-1
1989.5,16.0,3.0,1,-1
1989.52,16.0,3.0,1,-1
1989.54,16.0,3.0,1,-1
1989.56,16.0,3.0,1,-1
1989.58,16.0,3.0,1,-1
1989.6,16.0,3.0,1,-1
1989.62,16.0,3.0,1,-1
1989.64,16.0,3.0,1,-1
1989.66,16.0,3.0,1,-1
1989.68,16.0,3.0,1,-1
1989.7,16.0,3.0,1,-1
1989.72,16.0,3.0,1,-1
1989.74,16.0,3.0,1,-1
1989.76,16.0,3.0,1,-1
1989.78,16.0,3.0,1,-1
1989.8,16.0,3.0,1,-1
1989.82,16.0,3.0,1,-1
1989.84,16.0,3.0,1,-1
1989.86,16.0,3.0,1,-1
1989.88,16.0,3.0,1,-1
1989.9,16.0,3.0,1,-1
1989.92,16.0,3.0,1,-1
1989.94,16.0,3.0,1,-1
1989.96,16.0,3.0,1,-1
1989.98,16.0,3.0,1,-1
1990.0,16.0,3.0,1,-1
1990.02,16.0,3.0,1,-1
1990.04,16.0,3.0,1,-1
1990.06,16.0,3.0,1,-1
1990.08,16.0,3.0,1,-1
1990.1,16.0,3.0,1,-1
1990.12,16.0,3.0,1,-1
1990.14,16.0,3.0,1,-1
1990.16,16.0,3.0,1,-1
1990.18,16.0,3.0,1,-1
1990.2,16.0,3.0,1,-1
1990.22,16.0,3.0,1,-1
1990.24,16.0,3.0,1,-1
1990.26,16.0,3.0,1,-1
1990.28,16.0,3.0,1,-1
1990.3,16.0,3.0,1,-1
1990.32,16.0,3.0,1,-1
1990.34,16.0,3.0,1,-1
1990.36,16.0,3.0,1,-1
1990.38,16.0,3.0,1,-1
1990.4,16.0,3.0,-1,-1
1990.42,16.0,3.0,-1,-1
1990.44,16.0,3.0,-1,-1
1990.46,16.0,3.0,-1,-1
1990.48,16.0,3.0,-1,-1
1990.5,16.0,3.0,-1,-1
1990.52,16.0,3.0,-1,-1
1990.54,16.0,3.0,-1,-1
1990.56,16.0,3.0,-1,-1
1990.58,16.0,3.0,-1,-1
1990.6,16.0,3.0,-1,-1
1990.62,16.0,3.0,-1,-1
1990.64,16.0,3.0,-1,-1
1990.66,16.0,3.0,-1,-1
1990.68,16.0,3.0,-1,-1
1990.7,16.0,3.0,-1,-1
1990.72,16.0,3.0,-1,-1
1990.74,16.0,3.0,-1,-1
1990.76,16.0,3.0,-1,-1
1990.78,16.0,3.0,-1,-1
1990.8,16.0,3.0,-1,-1
1990.82,16.0,3.0,-1,-1
1990.84,16.0,3.0,-1,-1
1990.86,16.0,3.0,-1,-1
1990.88,16.0,3.0,-1,-1
1990.9,16.0,3.0,-1,-1
1990.92,16.0,3.0,-1,-1
1990.94,16.0,3.0,-1,-1
1990.96,16.0,3.0,-1,-1
1990.98,16.0,3.0,-1,-1
1991.0,16.0,3.0,-1,-1
1991.02,16.0,3.0,-1,-1
1991.04,16.0,3.0,-1,-1
1991.06,16.0,3.0,-1,-1
1991.08,16.0,3.0,-1,-1
1991.1,16.0,3.0,-1,-1
1991.12,16.0,3.0,-1,-1
1991.14,16.0,3.0,-1,-1
1991.16,16.0,3.0,-1,-1
1991.18,16.0,3.0,-1,-1
1991.2,16.0,3.0,-1,-1
1991.22,16.0,3.0,-1,-1
1991.24,16.0,3.0,-1,-1
1991.26,16.0,3.0,-1,-1
1991.28,16.0,3.0,-1,-1
1991.3,16.0,3.0,-1,-1
1991.32,16.0,3.0,-1,-1
1991.34,16.0,3.0,-1,-1
1991.36,16.0,3.0,-1,-1
1991.38,16.0,3.0,-1,-1
1991.4,16.0,3.0,-1,-1
1991.42,16.0,3.0,-1,-1
1991.44,16.0,3.0,-1,-1
1991.46,16.0,3.0,-1,-1
1991.48,16.0,3.0,-1,-1
1991.5,16.0,3.0,-1,-1
1991.52,16.0,3.0,-1,-1
1991.54,16.0,3.0,-1,-1
1991.56,16.0,3.0,-1,-1
1991.58,16.0,3.0,2,-1
1991.6,16.0,3.0,2,-1
1991.62,16.0,3.0,2,-1
1991.64,16.0,3.0,2,-1
1991.66,16.0,3.0,2,-1
1991.68,16.0,3.0,2,-1
1991.7,16.0,3.0,2,-1
1991.72,16.0,3.0,2,-1
1991.74,16.0,3.0,2,-1
1991.76,16.0,3.0,2,-1
1991.78,16.0,3.0,2,-1
1991.8,16.0,3.0,2,-1
1991.82,16.0,3.0,2,-1
1991.84,16.0,3.0,2,-1
1991.86,16.0,3.0,2,-1
1991.88,16.0,3.0,2,-1
1991.9,16.0,3.0,2,-1
1991.92,16.0,3.0,2,-1
1991.94,16.0,3.0,2,-1
1991.96,16.0,3.0,2,-1
1991.98,16.0,3.0,2,-1
1992.0,16.0,3.0,2,-1
1992.02,16.0,3.0,2,-1
1992.04,16.0,3.0,2,-1
1992.06,16.0,3.0,2,-1
1992.08,16.0,3.0,2,-1
1992.1,16.0,3.0,2,-1
1992.12,16.0,3.0,2,-1
1992.14,16.0,3.0,2,-1
1992.16,16.0,3.0,2,-1
1992.18,16.0,3.0,2,-1
1992.2,16.0,3.0,2,-1
1992.22,16.0,3.0,2,-1
1992.24,16.0,3.0,2,-1
1992.26,16.0,3.0,2,-1
1992.28,16.0,3.0,2,-1
1992.3,16.0,3.0,2,-1
1992.32,16.0,3.0,2,-1
1992.34,16.0,3.0,2,-1
1992.36,16.0,3.0,2,-1
1992.38,16.0,3.0,2,-1
1992.4,16.0,3.0,2,-1
1992.42,16.0,3.0,2,-1
1992.44,16.0,3.0,2,-1
1992.46,16.0,3.0,2,-1
1992.48,16.0,3.0,2,-1
1992.5,16.0,3.0,2,-1
1992.52,16.0,3.0,2,-1
1992.54,16.0,3.0,2,-1
1992.56,16.0,3.0,2,-1
1992.58,16.0,3.0,2,-1
1992.6,16.0,3.0,2,-1
1992.62,16.0,3.0,2,-1
1992.64,16.0,3.0,2,-1
1992.66,16.0,3.0,2,-1
1992.68,16.0,3.0,2,-1
1992.7,16.0,3.0,2,-1
1992.72,16.0,3.0,2,-1
1992.74,16.0,3.0,2,-1
1992.76,16.0,3.0,2,-1
1992.78,16.0,3.0,2,-1
1992.8,16.0,3.0,2,-1
1992.82,16.0,3.0,2,-1
1992.84,16.0,3.0,2,-1
1992.86,16.0,3.0,2,-1
1992.88,16.0,3.0,2,-1
1992.9,16.0,3.0,2,-1
1992.92,16.0,3.0,2,-1
1992.94,16.0,3.0,2,-1
1992.96,16.0,3.0,2,-1
1992.98,16.0,3.0,2,-1
1993.0,16.0,3.0,2,-1
1993.02,16.0,3.0,2,-1
1993.04,16.0,3.0,2,-1
1993.06,16.0,3.0,2,-1
1993.08,16.0,3.0,2,-1
1993.1,16.0,3.0,2,-1
1993.12,16.0,3.0,2,-1
1993.14,16.0,3.0,2,-1
1993.16,16.0,3.0,2,-1
1993.18,16.0,3.0,2,-1
1993.2,16.0,3.0,2,-1
1993.22,16.0,3.0,2,-1
1993.24,16.0,3.0,2,-1
1993.26,16.0,3.0,2,-1
1993.28,16.0,3.0,2,-1
1993.3,16.0,3.0,2,-1
1993.32,16.0,3.0,2,-1
1993.34,16.0,3.0,2,-1
1993.36,16.0,3.0,2,-1
1993.38,16.0,3.0,2,-1
1993.4,16.0,3.0,2,-1
1993.42,16.0,3.0,2,-1
1993.44,16.0,3.0,2,-1
1993.46,16.0,3.0,2,-1
1993.48,16.0,3.0,2,-1
1993.5,16.0,3.0,2,-1
1993.52,16.0,3.0,2,-1
1993.54,16.0,3.0,2,-1
1993.56,16.0,3.0,2,-1
1993.58,16.0,3.0,2,-1
1993.6,16.0,3.0,2,-1
1993.62,16.0,3.0,2,-1
1993.64,16.0,3.0,2,-1
1993.66,16.0,3.0,2,-1
1993.68,16.0,3.0,2,-1
1993.7,16.0,3.0,2,-1
1993.72,16.0,3.0,2,-1
1993.74,16.0,3.0,2,-1
1993.76,16.0,3.0,2,-1
1993.78,16.0,3.0,2,-1
1993.8,16.0,3.0,2,-1
1993.82,16.0,3.0,2,-1
1993.84,16.0,3.0,2,-1
1993.86,16.0,3.0,2,-1
1993.88,16.0,3.0,2,-1
1993.9,16.0,3.0,2,-1
1993.92,16.0,3.0,2,-1
1993.94,16.0,3.0,2,-1
1993.96,16.0,3.0,2,-1
1993.98,16.0,3.0,2,-1
1994.0,16.0,3.0,2,-1
1994.02,16.0,3.0,2,-1
1994.04,16.0,3.0,2,-1
1994.06,16.0,3.0,2,-1
1994.08,16.0,3.0,2,-1
1994.1,16.0,3.0,2,-1
1994.12,16.0,3.0,2,-1
1994.14,16.0,3.0,2,-1
1994.16,16.0,3.0,2,-1
1994.18,16.0,3.0,2,-1
1994.2,16.0,3.0,2,-1
1994.22,16.0,3.0,2,-1
1994.24,16.0,3.0,2,-1
1994.26,16.0,3.0,2,-1
1994.28,16.0,3.0,2,-1
1994.3,16.0,3.0,2,-1
1994.32,16.0,3.0,2,-1
1994.34,16.0,3.0,2,-1
1994.36,16.0,3.0,2,-1
1994.38,16.0,3.0,2,-1
1994.4,16.0,3.0,2,-1
1994.42,16.0,3.0,2,-1
1994.44,16.0,3.0,2,-1
1994.46,16.0,3.0,2,-1
1994.48,16.0,3.0,2,-1
1994.5,16.0,3.0,2,-1
1994.52,16.0,3.0,2,-1
1994.54,16.0,3.0,2,-1
1994.56,16.0,3.0,2,-1
1994.58,16.0,3.0,2,-1
1994.6,16.0,3.0,2,-1
1994.62,16.0,3.0,2,-1
1994.64,16.0,3.0,2,-1
1994.66,16.0,3.0,2,-1
1994.68,16.0,3.0,2,-1
1994.7,16.0,3.0,-1,-1
1994.72,16.0,3.0,-1,-1
1994.74,16.0,3.0,-1,-1
1994.76,16.0,3.0,-1,-1
1994.78,16.0,3.0,-1,-1
1994.8,16.0,3.0,-1,-1
1994.82,16.0,3.0,-1,-1
1994.84,16.0,3.0,-1,-1
1994.86,16.0,3.0,-1,-1
1994.88,16.0,3.0,-1,-1
1994.9,16.0,3.0,-1,-1
1994.92,16.0,3.0,-1,-1
1994.94,16.0,3.0,-1,-1
1994.96,16.0,3.0,-1,-1
1994.98,16.0,3.0,-1,-1
1995.0,16.0,3.0,-1,-1
1995.02,16.0,3.0,-1,-1
1995.04,16.0,3.0,-1,-1
1995.06,16.0,3.0,-1,-1
1995.08,16.0,3.0,-1,-1
1995.1,16.0,3.0,-1,-1
1995.12,16.0,3.0,-1,-1
1995.14,16.0,3.0,-1,-1
1995.16,16.0,3.0,-1,-1
1995.18,16.0,3.0,-1,-1
1995.2,16.0,3.0,-1,-1
1995.22,16.0,3.0,-1,-1
1995.24,16.0,3.0,-1,-1
1995.26,16.0,3.0,-1,-1
1995.28,16.0,3.0,-1,-1
1995.3,16.0,3.0,-1,-1
1995.32,16.0,3.0,-1,-1
1995.34,16.0,3.0,-1,-1
1995.36,16.0,3.0,-1,-1
1995.38,16.0,3.0,-1,-1
1995.4,16.0,3.0,-1,-1
1995.42,16.0,3.0,-1,-1
1995.44,16.0,3.0,-1,-1
1995.46,16.0,3.0,-1,-1
1995.48,16.0,3.0,-1,-1
1995.5,16.0,3.0,-1,-1
1995.52,16.0,3.0,-1,-1
1995.54,16.0,3.0,-1,-1
1995.56,16.0,3.0,-1,-1
1995.58,16.0,3.0,-1,-1
1995.6,16.0,3.0,-1,-1
1995.62,16.0,3.0,-1,-1
1995.64,16.0,3.0,-1,-1
1995.66,16.0,3.0,-1,-1
1995.68,16.0,3.0,-1,-1
1995.7,16.0,3.0,-1,-1
1995.72,16.0,3.0,-1,-1
1995.74,16.0,3.0,-1,-1
1995.76,16.0,3.0,-1,-1
1995.78,16.0,3.0,-1,-1
1995.8,16.0,3.0,-1,-1
1995.82,16.0,3.0,-1,-1
1995.84,16.0,3.0,-1,-1
1995.86,16.0,3.0,-1,-1
1995.88,16.0,3.0,-1,-1
1995.9,16.0,3.0,-1,-1
1995.92,16.0,3.0,-1,-1
1995.94,16.0,3.0,-1,-1
1995.96,16.0,3.0,-1,-1
1995.98,16.0,3.0,-1,-1
1996.0,16.0,3.0,-1,-1
1996.02,16.0,3.0,-1,-1
1996.04,16.0,3.0,-1,-1
1996.06,16.0,3.0,-1,-1
1996.08,16.0,3.0,-1,-1
1996.1,16.0,3.0,-1,-1
1996.12,16.0,3.0,-1,-1
1996.14,16.0,3.0,-1,-1
1996.16,16.0,3.0,-1,-1
1996.18,16.0,3.0,-1,-1
1996.2,16.0,3.0,-1,-1
1996.22,16.0,3.0,-1,-1
1996.24,16.0,3.0,-1,-1
1996.26,16.0,3.0,-1,-1
1996.28,16.0,3.0,-1,-1
1996.3,16.0,3.0,-1,-1
1996.32,16.0,3.0,-1,-1
1996.34,16.0,3.0,-1,-1
1996.36,16.0,3.0,-1,-1
1996.38,16.0,3.0,-1,-1
1996.4,16.0,3.0,-1,-1
1996.42,16.0,3.0,-1,-1
1996.44,16.0,3.0,-1,-1
1996.46,16.0,3.0,-1,-1
1996.48,16.0,3.0,-1,-1
1996.5,16.0,3.0,-1,-1
1996.52,16.0,3.0,-1,-1
1996.54,16.0,3.0,-1,-1
1996.56,16.0,3.0,-1,-1
1996.58,16.0,3.0,-1,-1
1996.6,16.0,3.0,-1,-1
1996.62,16.0,3.0,-1,-1
1996.64,16.0,3.0,-1,-1
1996.66,16.0,3.0,-1,-1
1996.68,16.0,3.0,-1,-1
1996.7,16.0,3.0,-1,-1
1996.72,16.0,3.0,-1,-1
1996.74,16.0,3.0,-1,-1
1996.76,16.0,3.0,-1,-1
1996.78,16.0,3.0,-1,-1
1996.8,16.0,3.0,-1,-1
1996.82,16.0,3.0,-1,-1
1996.84,16.0,3.0,-1,-1
1996.86,16.0,3.0,-1,-1
1996.88,16.0,3.0,-1,-1
1996.9,16.0,3.0,-1,-1
1996.92,16.0,3.0,-1,-1
1996.94,16.0,3.0,-1,-1
1996.96,16.0,3.0,-1,-1
1996.98,16.0,3.0,-1,-1
1997.0,16.0,3.0,-1,-1
1997.02,16.0,3.0,-1,-1
1997.04,16.0,3.0,-1,-1
1997.06,16.0,3.0,-1,-1
1997.08,16.0,3.0,-1,-1
1997.1,16.0,3.0,-1,-1
1997.12,16.0,3.0,-1,-1
1997.14,16.0,3.0,-1,-1
1997.16,16.0,3.0,-1,-1
1997.18,16.0,3.0,-1,-1
1997.2,16.0,3.0,-1,-1
1997.22,16.0,3.0,-1,-1
1997.24,16.0,3.0,-1,-1
1997.26,16.0,3.0,-1,-1
1997.28,16.0,3.0,-1,-1
1997.3,16.0,3.0,-1,-1
1997.32,16.0,3.0,-1,-1
1997.34,16.0,3.0,-1,-1
1997.36,16.0,3.0,-1,-1
1997.38,16.0,3.0,-1,-1
1997.4,16.0,3.0,-1,-1
1997.42,16.0,3.0,-1,-1
1997.44,16.0,3.0,-1,-1
1997.46,16.0,3.0,-1,-1
1997.48,16.0,3.0,-1,-1
1997.5,16.0,3.0,-1,-1
1997.52,16.0,3.0,-1,-1
1997.54,16.0,3.0,-1,-1
1997.56,16.0,3.0,-1,-1
1997.58,16.0,3.0,-1,-1
1997.6,16.0,3.0,-1,-1
1997.62,16.0,3.0,-1,-1
1997.64,16.0,3.0,-1,-1
1997.66,16.0,3.0,-1,-1
1997.68,16.0,3.0,-1,-1
1997.7,16.0,3.0,-1,-1
1997.72,16.0,3.0,-1,-1
1997.74,16.0,3.0,-1,-1
1997.76,16.0,3.0,-1,-1
1997.78,16.0,3.0,-1,-1
1997.8,16.0,3.0,-1,-1
1997.82,16.0,3.0,-1,-1
1997.84,16.0,3.0,-1,-1
1997.86,16.0,3.0,-1,-1
1997.88,16.0,3.0,-1,-1
1997.9,16.0,3.0,-1,-1
1997.92,16.0,3.0,-1,-1
1997.94,16.0,3.0,-1,-1
1997.96,16.0,3.0,-1,-1
1997.98,16.0,3.0,-1,-1
1998.0,16.0,3.0,-1,-1
1998.02,16.0,3.0,-1,-1
1998.04,16.0,3.0,-1,-1
1998.06,16.0,3.0,-1,-1
1998.08,16.0,3.0,-1,-1
1998.1,16.0,3.0,-1,-1
1998.12,16.0,3.0,-1,-1
1998.14,16.0,3.0,-1,-1
1998.16,16.0,3.0,-1,-1
1998.18,16.0,3.0,-1,-1
1998.2,16.0,3.0,-1,-1
1998.22,16.0,3.0,-1,-1
1998.24,16.0,3.0,-1,-1
1998.26,16.0,3.0,-1,-1
1998.28,16.0,3.0,-1,-1
1998.3,16.0,3.0,-1,-1
1998.32,16.0,3.0,-1,-1
1998.34,16.0,3.0,-1,-1
1998.36,16.0,3.0,-1,-1
1998.38,16.0,3.0,-1,-1
1998.4,16.0,3.0,-1,-1
1998.42,16.0,3.0,-1,-1
1998.44,16.0,3.0,-1,-1
1998.46,16.0,3.0,-1,-1
1998.48,16.0,3.0,-1,-1
1998.5,16.0,3.0,-1,-1
1998.52,16.0,3.0,-1,-1
1998.54,16.0,3.0,-1,-1
1998.56,16.0,3.0,-1,-1
1998.58,16.0,3.0,-1,-1
1998.6,16.0,3.0,-1,-1
1998.62,16.0,3.0,-1,-1
1998.64,16.0,3.0,-1,-1
1998.66,16.0,3.0,-1,-1
1998.68,16.0,3.0,-1,-1
1998.7,16.0,3.0,-1,-1
1998.72,16.0,3.0,-1,-1
1998.74,16.0,3.0,-1,-1
1998.76,16.0,3.0,-1,-1
1998.78,16.0,3.0,-1,-1
1998.8,16.0,3.0,-1,-1
1998.82,16.0,3.0,-1,-1
1998.84,16.0,3.0,-1,-1
1998.86,16.0,3.0,-1,-1
1998.88,16.0,3.0,-1,-1
1998.9,16.0,3.0,-1,-1
1998.92,16.0,3.0,-1,-1
1998.94,16.0,3.0,-1,-1
1998.96,16.0,3.0,-1,-1
1998.98,16.0,3.0,-1,-1
1999.0,16.0,3.0,-1,-1
1999.02,16.0,3.0,-1,-1
1999.04,16.0,3.0,-1,-1
1999.06,16.0,3.0,-1,-1
1999.08,16.0,3.0,-1,-1
1999.1,16.0,3.0,-1,-1
1999.12,16.0,3.0,-1,-1
1999.14,16.0,3.0,-1,-1
1999.16,16.0,3.0,-1,-1
1999.18,16.0,3.0,-1,-1
1999.2,16.0,3.0,-1,-1
1999.22,16.0,3.0,-1,-1
1999.24,16.0,3.0,-1,-1
1999.26,16.0,3.0,-1,-1
1999.28,16.0,3.0,-1,-1
1999.3,16.0,3.0,-1,-1
1999.32,16.0,3.0,-1,-1
1999.34,16.0,3.0,-1,-1
1999.36,16.0,3.0,-1,-1
1999.38,16.0,3.0,-1,-1
1999.4,16.0,3.0,-1,-1
1999.42,16.0,3.0,-1,-1
1999.44,16.0,3.0,-1,-1
1999.46,16.0,3.0,-1,-1
1999.48,16.0,3.0,-1,-1
1999.5,16.0,3.0,-1,-1
1999.52,16.0,3.0,-1,-1
1999.54,16.0,3.0,-1,-1
1999.56,16.0,3.0,-1,-1
1999.58,16.0,3.0,-1,-1
1999.6,16.0,3.0,-1,-1
1999.62,16.0,3.0,-1,-1
1999.64,16.0,3.0,-1,-1
1999.66,16.0,3.0,-1,-1
1999.68,16.0,3.0,-1,-1
1999.7,16.0,3.0,-1,-1
1999.72,16.0,3.0,-1,-1
1999.74,16.0,3.0,-1,-1
1999.76,16.0,3.0,-1,-1
1999.78,16.0,3.0,-1,-1
1999.8,16.0,3.0,-1,-1
1999.82,16.0,3.0,-1,-1
1999.84,16.0,3.0,-1,-1
1999.86,16.0,3.0,-1,-1
1999.88,16.0,3.0,-1,-1
1999.9,16.0,3.0,-1,-1
1999.92,16.0,3.0,-1,-1
1999.94,16.0,3.0,-1,-1
1999.96,16.0,3.0,-1,-1
1999.98,16.0,3.0,-1,-1
2000.0,16.0,3.0,-1,-1
2000.02,16.0,3.0,-1,-1
2000.04,16.0,3.0,-1,-1
2000.06,16.0,3.0,-1,-1
2000.08,16.0,3.0,-1,-1
2000.1,16.0,3.0,-1,-1
2000.12,16.0,3.0,-1,-1
2000.14,16.0,3.0,-1,-1
2000.16,16.0,3.0,-1,-1
2000.18,16.0,3.0,-1,-1
2000.2,16.0,3.0,-1,-1
2000.22,16.0,3.0,-1,-1
2000.24,16.0,3.0,-1,-1
2000.26,16.0,3.0,-1,-1
2000.28,16.0,3.0,-1,-1
2000.3,16.0,3.0,-1,-1
2000.32,16.0,3.0,-1,-1
2000.34,16.0,3.0,-1,-1
2000.36,16.0,3.0,-1,-1
2000.38,16.0,3.0,-1,-1
2000.4,16.0,3.0,-1,-1
2000.42,16.0,3.0,-1,-1
2000.44,16.0,3.0,-1,-1
2000.46,16.0,3.0,-1,-1
2000.48,16.0,3.0,-1,-1
2000.5,16.0,3.0,-1,-1
2000.52,16.0,3.0,-1,-1
2000.54,16.0,3.0,-1,-1
2000.56,16.0,3.0,-1,-1
2000.58,16.0,3.0,-1,-1
2000.6,16.0,3.0,-1,-1
2000.62,16.0,3.0,-1,-1
2000.64,16.0,3.0,-1,-1
2000.66,16.0,3.0,-1,-1
2000.68,16.0,3.0,-1,-1
2000.7,16.0,3.0,-1,-1
2000.72,16.0,3.0,-1,-1
2000.74,16.0,3.0,-1,-1
2000.76,16.0,3.0,-1,-1
2000.78,16.0,3.0,-1,-1
2000.8,16.0,3.0,1,-1
2000.82,16.0,3.0,1,-1
2000.84,16.0,3.0,1,-1
2000.86,16.0,3.0,1,-1
2000.88,16.0,3.0,1,-1
2000.9,16.0,3.0,1,-1
2000.92,16.0,3.0,1,-1
2000.94,16.0,3.0,1,-1
2000.96,16.0,3.0,1,-1
2000.98,16.0,3.0,1,-1
2001.0,16.0,3.0,1,-1
2001.02,16.0,3.0,1,-1
2001.04,16.0,3.0,1,-1
2001.06,16.0,3.0,1,-1
2001.08,16.0,3.0,1,-1
2001.1,16.0,3.0,1,-1
2001.12,16.0,3.0,1,-1
2001.14,16.0,3.0,1,-1
2001.16,16.0,3.0,1,-1
2001.18,16.0,3.0,1,-1
2001.2,16.0,3.0,1,-1
2001.22,16.0,3.0,1,-1
2001.24,16.0,3.0,1,-1
2001.26,16.0,3.0,1,-1
2001.28,16.0,3.0,1,-1
2001.3,16.0,3.0,1,-1
2001.32,16.0,3.0,1,-1
2001.34,16.0,3.0,1,-1
2001.36,16.0,3.0,1,-1
2001.38,16.0,3.0,1,-1
2001.4,16.0,3.0,1,0
2001.42,16.0,3.0,1,0
2001.44,16.0,3.0,1,0
2001.46,16.0,3.0,1,0
2001.48,16.0,3.0,1,0
2001.5,16.0,3.0,1,0
2001.52,16.0,3.0,1,0
2001.54,16.0,3.0,1,0
2001.56,16.0,3.0,1,0
2001.58,16.0,3.0,1,0
2001.6,16.0,3.0,1,0
2001.62,16.0,3.0,1,0
2001.64,16.0,3.0,1,0
2001.66,16.0,3.0,1,0
2001.68,16.0,3.0,1,0
2001.7,16.0,3.0,1,0
2001.72,16.0,3.0,1,0
2001.74,16.0,3.0,1,0
2001.76,16.0,3.0,1,0
2001.78,16.0,3.0,1,0
2001.8,16.0,3.0,1,0
2001.82,16.0,3.0,1,0
2001.84,16.0,3.0,1,0
2001.86,16.0,3.0,-1,0
2001.88,16.0,3.0,-1,0
2001.9,16.0,3.0,-1,0
2001.92,16.0,3.0,-1,0
2001.94,16.0,3.0,-1,0
2001.96,16.0,3.0,-1,0
2001.98,16.0,3.0,-1,0
2002.0,16.0,3.0,-1,0
2002.02,16.0,3.0,-1,0
2002.04,16.0,3.0,-1,0
2002.06,16.0,3.0,-1,0
2002.08,16.0,3.0,-1,0
2002.1,16.0,3.0,-1,0
2002.12,16.0,3.0,-1,0
2002.14,16.0,3.0,-1,0
2002.16,16.0,3.0,-1,0
2002.18,16.0,3.0,-1,0
2002.2,16.0,3.0,-1,0
2002.22,16.0,3.0,-1,0
2002.24,16.0,3.0,-1,0
2002.26,16.0,3.0,-1,0
2002.28,16.0,3.0,-1,0
2002.3,16.0,3.0,-1,0
2002.32,16.0,3.0,-1,0
2002.34,16.0,3.0,-1,0
2002.36,16.0,3.0,-1,0
2002.38,16.0,3.0,-1,0
2002.4,16.0,3.0,-1,0
2002.42,16.0,3.0,-1,0
2002.44,16.0,3.0,-1,0
2002.46,16.0,3.0,-1,0
2002.48,16.0,3.0,-1,0
2002.5,16.0,3.0,-1,0
2002.52,16.0,3.0,-1,0
2002.54,16.0,3.0,-1,0
2002.56,16.0,3.0,-1,0
2002.58,16.0,3.0,-1,0
2002.6,16.0,3.0,-1,0
2002.62,16.0,3.0,-1,0
2002.64,16.0,3.0,-1,0
2002.66,16.0,3.0,-1,0
2002.68,16.0,3.0,-1,0
2002.7,16.0,3.0,1,0
2002.72,16.0,3.0,1,0
2002.74,16.0,3.0,1,0
2002.76,16.0,3.0,1,0
2002.78,16.0,3.0,1,0
2002.8,16.0,3.0,1,0
2002.82,16.0,3.0,1,0
2002.84,16.0,3.0,1,0
2002.86,16.0,3.0,1,0
2002.88,16.0,3.0,1,0
2002.9,16.0,3.0,1,0
2002.92,16.0,3.0,1,0
2002.94,16.0,3.0,1,0
2002.96,16.0,3.0,1,0
2002.98,16.0,3.0,1,0
2003.0,16.0,3.0,1,0
2003.02,16.0,3.0,1,0
2003.04,16.0,3.0,1,0
2003.06,16.0,3.0,1,-1
2003.08,16.0,3.0,1,-1
2003.1,16.0,3.0,1,-1
2003.12,16.0,3.0,1,0
2003.14,16.0,3.0,1,0
2003.16,16.0,3.0,1,0
2003.18,16.0,3.0,1,0
2003.2,16.0,3.0,1,0
2003.22,16.0,3.0,1,0
2003.24,16.0,3.0,1,0
2003.26,16.0,3.0,1,0
2003.28,16.0,3.0,1,0
2003.3,16.0,3.0,1,0
2003.32,16.0,3.0,1,0
2003.34,16.0,3.0,1,0
2003.36,16.0,3.0,1,0
2003.38,16.0,3.0,1,0
2003.4,16.0,3.0,1,0
2003.42,16.0,3.0,1,0
2003.44,16.0,3.0,1,0
2003.46,16.0,3.0,1,0
2003.48,16.0,3.0,1,0
2003.5,16.0,3.0,1,0
2003.52,16.0,3.0,1,0
2003.54,16.0,3.0,1,0
2003.56,16.0,3.0,-1,0
2003.58,16.0,3.0,-1,0
2003.6,16.0,3.0,-1,0
2003.62,16.0,3.0,-1,0
2003.64,16.0,3.0,1,0
2003.66,16.0,3.0,1,0
2003.68,16.0,3.0,1,0
2003.7,16.0,3.0,1,0
2003.72,16.0,3.0,1,0
2003.74,16.0,3.0,1,0
2003.76,16.0,3.0,1,0
2003.78,16.0,3.0,1,0
2003.8,16.0,3.0,1,0
2003.82,16.0,3.0,1,0
2003.84,16.0,3.0,1,0
2003.86,16.0,3.0,1,0
2003.88,16.0,3.0,1,0
2003.9,16.0,3.0,1,0
2003.92,16.0,3.0,1,0
2003.94,16.0,3.0,1,0
2003.96,16.0,3.0,1,0
2003.98,16.0,3.0,1,0
2004.0,16.0,3.0,1,0
2004.02,16.0,3.0,-1,0
2004.04,16.0,3.0,-1,0
2004.06,16.0,3.0,-1,0
2004.08,16.0,3.0,-1,0
2004.1,16.0,3.0,-1,-1
2004.12,16.0,3.0,-1,-1
2004.14,16.0,3.0,-1,-1
2004.16,16.0,3.0,-1,-1
2004.18,16.0,3.0,-1,-1
2004.2,16.0,3.0,-1,-1
2004.22,16.0,3.0,-1,-1
2004.24,16.0,3.0,-1,-1
2004.26,16.0,3.0,-1,-1
2004.28,16.0,3.0,-1,-1
2004.3,16.0,3.0,-1,-1
2004.32,16.0,3.0,-1,-1
2004.34,16.0,3.0,-1,-1
2004.36,16.0,3.0,-1,-1
2004.38,16.0,3.0,-1,-1
2004.4,16.0,3.0,-1,-1
2004.42,16.0,3.0,-1,-1
2004.44,16.0,3.0,-1,-1
2004.46,16.0,3.0,-1,-1
2004.48,16.0,3.0,-1,-1
2004.5,16.0,3.0,-1,-1
2004.52,16.0,3.0,-1,-1
2004.54,16.0,3.0,-1,-1
2004.56,16.0,3.0,-1,-1
2004.58,16.0,3.0,-1,-1
2004.6,16.0,3.0,-1,-1
2004.62,16.0,3.0,-1,-1
2004.64,16.0,3.0,-1,-1
2004.66,16.0,3.0,-1,-1
2004.68,16.0,3.0,-1,-1
2004.7,16.0,3.0,-1,-1
2004.72,16.0,3.0,-1,-1
2004.74,16.0,3.0,-1,-1
2004.76,16.0,3.0,-1,-1
2004.78,16.0,3.0,-1,-1
2004.8,16.0,3.0,-1,-1
2004.82,16.0,3.0,-1,-1
2004.84,16.0,3.0,-1,-1
2004.86,16.0,3.0,-1,-1
2004.88,16.0,3.0,-1,-1
2004.9,16.0,3.0,-1,-1
2004.92,16.0,3.0,-1,-1
2004.94,16.0,3.0,-1,-1
2004.96,16.0,3.0,-1,-1
2004.98,16.0,3.0,-1,-1
2005.0,16.0,3.0,-1,-1
2005.02,16.0,3.0,-1,-1
2005.04,16.0,3.0,-1,-1
2005.06,16.0,3.0,-1,-1
2005.08,16.0,3.0,-1,-1
2005.1,16.0,3.0,-1,-1
2005.12,16.0,3.0,-1,-1
2005.14,16.0,3.0,-1,-1
2005.16,16.0,3.0,-1,-1
2005.18,16.0,3.0,-1,-1
2005.2,16.0,3.0,-1,-1
2005.22,16.0,3.0,-1,-1
2005.24,16.0,3.0,-1,-1
2005.26,16.0,3.0,-1,-1
2005.28,16.0,3.0,-1,-1
2005.3,16.0,3.0,-1,-1
2005.32,16.0,3.0,-1,-1
2005.34,16.0,3.0,-1,-1
2005.36,16.0,3.0,-1,-1
2005.38,16.0,3.0,-1,-1
2005.4,16.0,3.0,-1,-1
2005.42,16.0,3.0,2,-1
2005.44,16.0,3.0,2,-1
2005.46,16.0,3.0,2,-1
2005.48,16.0,3.0,2,-1
2005.5,16.0,3.0,2,-1
2005.52,16.0,3.0,2,-1
2005.54,16.0,3.0,2,-1
2005.56,16.0,3.0,2,-1
2005.58,16.0,3.0,2,-1
2005.6,16.0,3.0,2,-1
2005.62,16.0,3.0,2,-1
2005.64,16.0,3.0,2,-1
2005.66,16.0,3.0,2,-1
2005.68,16.0,3.0,2,-1
2005.7,16.0,3.0,2,-1
2005.72,16.0,3.0,2,-1
2005.74,16.0,3.0,2,-1
2005.76,16.0,3.0,2,-1
2005.78,16.0,3.0,2,-1
2005.8,16.0,3.0,2,-1
2005.82,16.0,3.0,2,-1
2005.84,16.0,3.0,2,-1
2005.86,16.0,3.0,2,-1
2005.88,16.0,3.0,2,-1
2005.9,16.0,3.0,2,-1
2005.92,16.0,3.0,2,-1
2005.94,16.0,3.0,2,-1
2005.96,16.0,3.0,2,-1
2005.98,16.0,3.0,2,-1
2006.0,16.0,3.0,2,-1
2006.02,16.0,3.0,2,-1
2006.04,16.0,3.0,2,-1
2006.06,16.0,3.0,2,-1
2006.08,16.0,3.0,2,-1
2006.1,16.0,3.0,2,-1
2006.12,16.0,3.0,2,-1
2006.14,16.0,3.0,2,-1
2006.16,16.0,3.0,2,-1
2006.18,16.0,3.0,2,-1
2006.2,16.0,3.0,2,-1
2006.22,16.0,3.0,2,-1
2006.24,16.0,3.0,2,-1
2006.26,16.0,3.0,2,-1
2006.28,16.0,3.0,2,-1
2006.3,16.0,3.0,2,-1
2006.32,16.0,3.0,2,-1
2006.34,16.0,3.0,2,-1
2006.36,16.0,3.0,2,-1
2006.38,16.0,3.0,2,-1
2006.4,16.0,3.0,2,-1
2006.42,16.0,3.0,2,-1
2006.44,16.0,3.0,2,-1
2006.46,16.0,3.0,-1,-1
2006.48,16.0,3.0,-1,-1
2006.5,16.0,3.0,-1,-1
2006.52,16.0,3.0,-1,-1
2006.54,16.0,3.0,-1,-1
2006.56,16.0,3.0,-1,-1
2006.58,16.0,3.0,-1,-1
2006.6,16.0,3.0,-1,-1
2006.62,16.0,3.0,-1,-1
2006.64,16.0,3.0,-1,-1
2006.66,16.0,3.0,-1,-1
2006.68,16.0,3.0,-1,-1
2006.7,16.0,3.0,-1,-1
2006.72,16.0,3.0,-1,-1
2006.74,16.0,3.0,-1,-1
2006.76,16.0,3.0,-1,-1
2006.78,16.0,3.0,-1,-1
2006.8,16.0,3.0,-1,-1
2006.82,16.0,3.0,-1,-1
2006.84,16.0,3.0,-1,-1
2006.86,16.0,3.0,-1,-1
2006.88,16.0,3.0,-1,-1
2006.9,16.0,3.0,-1,-1
2006.92,16.0,3.0,-1,-1
2006.94,16.0,3.0,-1,-1
2006.96,16.0,3.0,-1,-1
2006.98,16.0,3.0,-1,-1
2007.0,16.0,3.0,-1,-1
2007.02,16.0,3.0,-1,-1
2007.04,16.0,3.0,-1,-1
2007.06,16.0,3.0,-1,-1
2007.08,16.0,3.0,-1,-1
2007.1,16.0,3.0,-1,-1
2007.12,16.0,3.0,-1,-1
2007.14,16.0,3.0,-1,-1
2007.16,16.0,3.0,-1,-1
2007.18,16.0,3.0,-1,-1
2007.2,16.0,3.0,-1,-1
2007.22,16.0,3.0,-1,-1
2007.24,16.0,3.0,-1,-1
2007.26,16.0,3.0,-1,-1
2007.28,16.0,3.0,-1,-1
2007.3,16.0,3.0,-1,-1
2007.32,16.0,3.0,-1,-1
2007.34,16.0,3.0,-1,-1
2007.36,16.0,3.0,-1,-1
2007.38,16.0,3.0,-1,-1
2007.4,16.0,3.0,-1,-1
2007.42,16.0,3.0,-1,-1
2007.44,16.0,3.0,-1,-1
2007.46,16.0,3.0,-1,-1
2007.48,16.0,3.0,-1,-1
2007.5,16.0,3.0,-1,-1
2007.52,16.0,3.0,-1,-1
2007.54,16.0,3.0,-1,-1
2007.56,16.0,3.0,-1,-1
2007.58,16.0,3.0,-1,-1
2007.6,16.0,3.0,-1,-1
2007.62,16.0,3.0,-1,-1
2007.64,16.0,3.0,-1,-1
2007.66,16.0,3.0,-1,-1
2007.68,16.0,3.0,-1,-1
2007.7,16.0,3.0,-1,-1
2007.72,16.0,3.0,-1,-1
2007.74,16.0,3.0,-1,-1
2007.76,16.0,3.0,-1,-1
2007.78,16.0,3.0,-1,-1
2007.8,16.0,3.0,-1,-1
2007.82,16.0,3.0,-1,-1
2007.84,16.0,3.0,-1,-1
2007.86,16.0,3.0,-1,-1
2007.88,16.0,3.0,-1,-1
2007.9,16.0,3.0,-1,-1
2007.92,16.0,3.0,-1,-1
2007.94,16.0,3.0,-1,-1
2007.96,16.0,3.0,-1,-1
2007.98,16.0,3.0,-1,-1
2008.0,16.0,3.0,-1,-1
2008.02,16.0,3.0,-1,-1
2008.04,16.0,3.0,-1,-1
2008.06,16.0,3.0,-1,-1
2008.08,16.0,3.0,-1,-1
2008.1,16.0,3.0,-1,-1
2008.12,16.0,3.0,-1,-1
2008.14,16.0,3.0,-1,-1
2008.16,16.0,3.0,-1,-1
2008.18,16.0,3.0,-1,-1
2008.2,16.0,3.0,-1,-1
2008.22,16.0,3.0,-1,-1
2008.24,16.0,3.0,-1,-1
2008.26,16.0,3.0,-1,-1
2008.28,16.0,3.0,-1,-1
2008.3,16.0,3.0,-1,-1
2008.32,16.0,3.0,-1,-1
2008.34,16.0,3.0,-1,-1
2008.36,16.0,3.0,-1,-1
2008.38,16.0,3.0,-1,-1
2008.4,16.0,3.0,-1,-1
2008.42,16.0,3.0,-1,-1
2008.44,16.0,3.0,-1,-1
2008.46,16.0,3.0,-1,-1
2008.48,16.0,3.0,-1,-1
2008.5,16.0,3.0,-1,-1
2008.52,16.0,3.0,-1,-1
2008.54,16.0,3.0,-1,-1
2008.56,16.0,3.0,-1,-1
2008.58,16.0,3.0,-1,-1
2008.6,16.0,3.0,-1,-1
2008.62,16.0,3.0,-1,-1
2008.64,16.0,3.0,-1,-1
2008.66,16.0,3.0,-1,-1
2008.68,16.0,3.0,-1,-1
2008.7,16.0,3.0,-1,-1
2008.72,16.0,3.0,-1,-1
2008.74,16.0,3.0,-1,-1
2008.76,16.0,3.0,-1,-1
2008.78,16.0,3.0,-1,-1
2008.8,16.0,3.0,-1,-1
2008.82,16.0,3.0,-1,-1
2008.84,16.0,3.0,-1,-1
2008.86,16.0,3.0,-1,-1
2008.88,16.0,3.0,-1,-1
2008.9,16.0,3.0,-1,-1
2008.92,16.0,3.0,-1,-1
2008.94,16.0,3.0,-1,-1
2008.96,16.0,3.0,-1,-1
2008.98,16.0,3.0,-1,-1
2009.0,16.0,3.0,-1,-1
2009.02,16.0,3.0,-1,-1
2009.04,16.0,3.0,-1,-1
2009.06,16.0,3.0,-1,-1
2009.08,16.0,3.0,-1,-1
2009.1,16.0,3.0,-1,-1
2009.12,16.0,3.0,-1,-1
2009.14,16.0,3.0,-1,-1
2009.16,16.0,3.0,-1,-1
2009.18,16.0,3.0,-1,-1
2009.2,16.0,3.0,-1,-1
2009.22,16.0,3.0,-1,-1
2009.24,16.0,3.0,-1,-1
2009.26,16.0,3.0,-1,-1
2009.28,16.0,3.0,-1,-1
2009.3,16.0,3.0,-1,-1
2009.32,16.0,3.0,-1,-1
2009.34,16.0,3.0,-1,-1
2009.36,16.0,3.0,-1,-1
2009.38,16.0,3.0,-1,-1
2009.4,16.0,3.0,-1,-1
2009.42,16.0,3.0,-1,-1
2009.44,16.0,3.0,-1,-1
2009.46,16.0,3.0,-1,-1
2009.48,16.0,3.0,-1,-1
2009.5,16.0,3.0,-1,-1
2009.52,16.0,3.0,-1,-1
2009.54,16.0,3.0,-1,-1
2009.56,16.0,3.0,-1,-1
2009.58,16.0,3.0,-1,-1
2009.6,16.0,3.0,-1,-1
2009.62,16.0,3.0,-1,-1
2009.64,16.0,3.0,-1,-1
2009.66,16.0,3.0,-1,-1
2009.68,16.0,3.0,-1,-1
2009.7,16.0,3.0,-1,-1
2009.72,16.0,3.0,-1,-1
2009.74,16.0,3.0,-1,-1
2009.76,16.0,3.0,-1,-1
2009.78,16.0,3.0,-1,-1
2009.8,16.0,3.0,-1,-1
2009.82,16.0,3.0,-1,-1
2009.84,16.0,3.0,-1,-1
2009.86,16.0,3.0,-1,-1
2009.88,16.0,3.0,-1,-1
2009.9,16.0,3.0,-1,-1
2009.92,16.0,3.0,-1,-1
2009.94,16.0,3.0,-1,-1
2009.96,16.0,3.0,-1,-1
2009.98,16.0,3.0,-1,-1
2010.0,16.0,3.0,-1,-1
2010.02,16.0,3.0,-1,-1
2010.04,16.0,3.0,-1,-1
2010.06,16.0,3.0,-1,-1
2010.08,16.0,3.0,-1,-1
2010.1,16.0,3.0,-1,-1
2010.12,16.0,3.0,-1,-1
2010.14,16.0,3.0,-1,-1
2010.16,16.0,3.0,-1,-1
2010.18,16.0,3.0,-1,-1
2010.2,16.0,3.0,-1,-1
2010.22,16.0,3.0,-1,-1
2010.24,16.0,3.0,-1,-1
2010.26,16.0,3.0,-1,-1
2010.28,16.0,3.0,-1,-1
2010.3,16.0,3.0,-1,-1
2010.32,16.0,3.0,-1,-1
2010.34,16.0,3.0,-1,-1
2010.36,16.0,3.0,-1,-1
2010.38,16.0,3.0,-1,-1
2010.4,16.0,3.0,-1,-1
2010.42,16.0,3.0,-1,-1
2010.44,16.0,3.0,-1,-1
2010.46,16.0,3.0,-1,-1
2010.48,16.0,3.0,-1,-1
2010.5,16.0,3.0,-1,-1
2010.52,16.0,3.0,-1,-1
2010.54,16.0,3.0,-1,-1
2010.56,16.0,3.0,-1,-1
2010.58,16.0,3.0,-1,-1
2010.6,16.0,3.0,-1,-1
2010.62,16.0,3.0,-1,-1
2010.64,16.0,3.0,-1,-1
2010.66,16.0,3.0,-1,-1
2010.68,16.0,3.0,-1,-1
2010.7,16.0,3.0,-1,-1
2010.72,16.0,3.0,-1,-1
2010.74,16.0,3.0,-1,-1
2010.76,16.0,3.0,-1,-1
2010.78,16.0,3.0,-1,-1
2010.8,16.0,3.0,-1,-1
2010.82,16.0,3.0,-1,-1
2010.84,16.0,3.0,-1,-1
2010.86,16.0,3.0,-1,-1
2010.88,16.0,3.0,-1,-1
2010.9,16.0,3.0,-1,-1
2010.92,16.0,3.0,-1,-1
2010.94,16.0,3.0,-1,-1
2010.96,16.0,3.0,-1,-1
2010.98,16.0,3.0,-1,-1
2011.0,16.0,3.0,-1,-1
2011.02,16.0,3.0,-1,-1
2011.04,16.0,3.0,-1,-1
2011.06,16.0,3.0,-1,-1
2011.08,16.0,3.0,-1,-1
2011.1,16.0,3.0,-1,-1
2011.12,16.0,3.0,-1,-1
2011.14,16.0,3.0,-1,-1
2011.16,16.0,3.0,-1,-1
2011.18,16.0,3.0,-1,-1
2011.2,16.0,3.0,-1,-1
2011.22,16.0,3.0,-1,-1
2011.24,16.0,3.0,-1,-1
2011.26,16.0,3.0,-1,-1
2011.28,16.0,3.0,-1,-1
2011.3,16.0,3.0,-1,-1
2011.32,16.0,3.0,-1,-1
2011.34,16.0,3.0,-1,-1
2011.36,16.0,3.0,-1,-1
2011.38,16.0,3.0,-1,-1
2011.4,16.0,3.0,-1,-1
2011.42,16.0,3.0,-1,-1
2011.44,16.0,3.0,-1,-1
2011.46,16.0,3.0,-1,-1
2011.48,16.0,3.0,-1,-1
2011.5,16.0,3.0,-1,-1
2011.52,16.0,3.0,-1,-1
2011.54,16.0,3.0,-1,-1
2011.56,16.0,3.0,-1,-1
2011.58,16.0,3.0,-1,-1
2011.6,16.0,3.0,-1,-1
2011.62,16.0,3.0,-1,-1
2011.64,16.0,3.0,-1,-1
2011.66,16.0,3.0,-1,-1
2011.68,16.0,3.0,-1,-1
2011.7,16.0,3.0,-1,-1
2011.72,16.0,3.0,-1,-1
2011.74,16.0,3.0,-1,-1
2011.76,16.0,3.0,-1,-1
2011.78,16.0,3.0,-1,-1
2011.8,16.0,3.0,-1,-1
2011.82,16.0,3.0,-1,-1
2011.84,16.0,3.0,-1,-1
2011.86,16.0,3.0,-1,-1
2011.88,16.0,3.0,-1,-1
2011.9,16.0,3.0,-1,-1
2011.92,16.0,3.0,-1,-1
2011.94,16.0,3.0,-1,-1
2011.96,16.0,3.0,-1,-1
2011.98,16.0,3.0,-1,-1
2012.0,16.0,3.0,-1,-1
2012.02,16.0,3.0,-1,-1
2012.04,16.0,3.0,-1,-1
2012.06,16.0,3.0,-1,-1
2012.08,16.0,3.0,-1,-1
2012.1,16.0,3.0,-1,-1
2012.12,16.0,3.0,-1,-1
2012.14,16.0,3.0,-1,-1
2012.16,16.0,3.0,-1,-1
2012.18,16.0,3.0,-1,-1
2012.2,16.0,3.0,-1,-1
2012.22,16.0,3.0,-1,-1
2012.24,16.0,3.0,-1,-1
2012.26,16.0,3.0,-1,-1
2012.28,16.0,3.0,-1,-1
2012.3,16.0,3.0,-1,-1
2012.32,16.0,3.0,-1,-1
2012.34,16.0,3.0,-1,-1
2012.36,16.0,3.0,-1,-1
2012.38,16.0,3.0,-1,-1
2012.4,16.0,3.0,-1,-1
2012.42,16.0,3.0,-1,-1
2012.44,16.0,3.0,-1,-1
2012.46,16.0,3.0,-1,-1
2012.48,16.0,3.0,-1,-1
2012.5,16.0,3.0,-1,-1
2012.52,16.0,3.0,-1,-1
2012.54,16.0,3.0,-1,-1
2012.56,16.0,3.0,-1,-1
2012.58,16.0,3.0,-1,-1
2012.6,16.0,3.0,-1,-1
2012.62,16.0,3.0,-1,-1
2012.64,16.0,3.0,-1,-1
2012.66,16.0,3.0,-1,-1
2012.68,16.0,3.0,-1,-1
2012.7,16.0,3.0,-1,-1
2012.72,16.0,3.0,-1,-1
2012.74,16.0,3.0,-1,-1
2012.76,16.0,3.0,-1,-1
2012.78,16.0,3.0,-1,-1
2012.8,16.0,3.0,-1,-1
2012.82,16.0,3.0,-1,-1
2012.84,16.0,3.0,-1,-1
2012.86,16.0,3.0,-1,-1
2012.88,16.0,3.0,-1,-1
2012.9,16.0,3.0,-1,-1
2012.92,16.0,3.0,-1,-1
2012.94,16.0,3.0,-1,-1
2012.96,16.0,3.0,-1,-1
2012.98,16.0,3.0,-1,-1
2013.0,16.0,3.0,-1,-1
2013.02,16.0,3.0,-1,-1
2013.04,16.0,3.0,-1,-1
2013.06,16.0,3.0,-1,-1
2013.08,16.0,3.0,-1,-1
2013.1,16.0,3.0,-1,-1
2013.12,16.0,3.0,-1,-1
2013.14,16.0,3.0,-1,-1
2013.16,16.0,3.0,-1,-1
2013.18,16.0,3.0,-1,-1
2013.2,16.0,3.0,-1,-1
2013.22,16.0,3.0,-1,-1
2013.24,16.0,3.0,-1,-1
2013.26,16.0,3.0,-1,-1
2013.28,16.0,3.0,-1,-1
2013.3,16.0,3.0,-1,-1
2013.32,16.0,3.0,-1,-1
2013.34,16.0,3.0,-1,-1
2013.36,16.0,3.0,-1,-1
2013.38,16.0,3.0,-1,-1
2013.4,16.0,3.0,-1,-1
2013.42,16.0,3.0,-1,-1
2013.44,16.0,3.0,-1,-1
2013.46,16.0,3.0,-1,-1
2013.48,16.0,3.0,-1,-1
2013.5,16.0,3.0,-1,-1
2013.52,16.0,3.0,-1,-1
2013.54,16.0,3.0,-1,-1
2013.56,16.0,3.0,-1,-1
2013.58,16.0,3.0,-1,-1
2013.6,16.0,3.0,-1,-1
2013.62,16.0,3.0,-1,-1
2013.64,16.0,3.0,-1,-1
2013.66,16.0,3.0,-1,-1
2013.68,16.0,3.0,-1,-1
2013.7,16.0,3.0,-1,-1
2013.72,16.0,3.0,-1,-1
2013.74,16.0,3.0,-1,-1
2013.76,16.0,3.0,-1,-1
2013.78,16.0,3.0,-1,-1
2013.8,16.0,3.0,-1,-1
2013.82,16.0,3.0,-1,-1
2013.84,16.0,3.0,-1,-1
2013.86,16.0,3.0,-1,-1
2013.88,16.0,3.0,-1,-1
2013.9,16.0,3.0,-1,-1
2013.92,16.0,3.0,-1,-1
2013.94,16.0,3.0,-1,-1
2013.96,16.0,3.0,-1,-1
2013.98,16.0,3.0,-1,-1
2014.0,16.0,3.0,-1,-1
2014.02,16.0,3.0,-1,-1
2014.04,16.0,3.0,-1,-1
2014.06,16.0,3.0,-1,-1
2014.08,16.0,3.0,-1,-1
2014.1,16.0,3.0,-1,-1
2014.12,16.0,3.0,-1,-1
2014.14,16.0,3.0,-1,-1
2014.16,16.0,3.0,-1,-1
2014.18,16.0,3.0,-1,-1
2014.2,16.0,3.0,-1,-1
2014.22,16.0,3.0,-1,-1
2014.24,16.0,3.0,-1,-1
2014.26,16.0,3.0,-1,-1
2014.28,16.0,3.0,-1,-1
2014.3,16.0,3.0,-1,-1
2014.32,16.0,3.0,-1,-1
2014.34,16.0,3.0,-1,-1
2014.36,16.0,3.0,-1,-1
2014.38,16.0,3.0,-1,-1
2014.4,16.0,3.0,-1,-1
2014.42,16.0,3.0,-1,-1
2014.44,16.0,3.0,-1,-1
2014.46,16.0,3.0,-1,-1
2014.48,16.0,3.0,-1,-1
2014.5,16.0,3.0,-1,-1
2014.52,16.0,3.0,-1,-1
2014.54,16.0,3.0,-1,-1
2014.56,16.0,3.0,-1,-1
2014.58,16.0,3.0,-1,-1
2014.6,16.0,3.0,-1,-1
2014.62,16.0,3.0,-1,-1
2014.64,16.0,3.0,-1,-1
2014.66,16.0,3.0,-1,-1
2014.68,16.0,3.0,-1,-1
2014.7,16.0,3.0,-1,-1
2014.72,16.0,3.0,-1,-1
2014.74,16.0,3.0,-1,-1
2014.76,16.0,3.0,-1,-1
2014.78,16.0,3.0,-1,-1
2014.8,16.0,3.0,-1,-1
2014.82,16.0,3.0,-1,-1
2014.84,16.0,3.0,-1,-1
2014.86,16.0,3.0,-1,-1
2014.88,16.0,3.0,-1,0
2014.9,16.0,3.0,-1,0
2014.92,16.0,3.0,-1,0
2014.94,16.0,3.0,-1,0
2014.96,16.0,3.0,-1,0
2014.98,16.0,3.0,-1,0
2015.0,16.0,3.0,-1,0
2015.02,16.0,3.0,-1,0
2015.04,16.0,3.0,-1,0
2015.06,16.0,3.0,-1,0
2015.08,16.0,3.0,-1,0
2015.1,16.0,3.0,-1,0
2015.12,16.0,3.0,-1,0
2015.14,16.0,3.0,-1,0
2015.16,16.0,3.0,-1,0
2015.18,16.0,3.0,-1,0
2015.2,16.0,3.0,-1,0
2015.22,16.0,3.0,-1,0
2015.24,16.0,3.0,-1,0
2015.26,16.0,3.0,-1,0
2015.28,16.0,3.0,-1,0
2015.3,16.0,3.0,-1,0
2015.32,16.0,3.0,-1,0
2015.34,16.0,3.0,-1,0
2015.36,16.0,3.0,-1,0
2015.38,16.0,3.0,-1,0
2015.4,16.0,3.0,-1,0
2015.42,16.0,3.0,-1,0
2015.44,16.0,3.0,-1,0
2015.46,16.0,3.0,-1,0
2015.48,16.0,3.0,-1,0
2015.5,16.0,3.0,-1,0
2015.52,16.0,3.0,-1,0
2015.54,16.0,3.0,-1,0
2015.56,16.0,3.0,-1,0
2015.58,16.0,3.0,-1,0
2015.6,16.0,3.0,-1,0
2015.62,16.0,3.0,-1,0
2015.64,16.0,3.0,-1,0
2015.66,16.0,3.0,-1,0
2015.68,16.0,3.0,-1,0
2015.7,16.0,3.0,-1,0
2015.72,16.0,3.0,-1,0
2015.74,16.0,3.0,-1,0
2015.76,16.0,3.0,-1,0
2015.78,16.0,3.0,-1,0
2015.8,16.0,3.0,-1,0
2015.82,16.0,3.0,-1,0
2015.84,16.0,3.0,-1,0
2015.86,16.0,3.0,-1,0
2015.88,16.0,3.0,-1,0
2015.9,16.0,3.0,-1,0
2015.92,16.0,3.0,-1,0
2015.94,16.0,3.0,-1,0
2015.96,16.0,3.0,-1,0
2015.98,16.0,3.0,-1,0
2016.0,16.0,3.0,-1,0
2016.02,16.0,3.0,-1,0
2016.04,16.0,3.0,-1,0
2016.06,16.0,3.0,-1,0
2016.08,16.0,3.0,-1,0
2016.1,16.0,3.0,-1,0
2016.12,16.0,3.0,-1,0
2016.14,16.0,3.0,-1,0
2016.16,16.0,3.0,-1,0
2016.18,16.0,3.0,-1,0
2016.2,16.0,3.0,-1,0
2016.22,16.0,3.0,-1,0
2016.24,16.0,3.0,-1,0
2016.26,16.0,3.0,-1,0
2016.28,16.0,3.0,-1,0
2016.3,16.0,3.0,-1,0
2016.32,16.0,3.0,-1,0
2016.34,16.0,3.0,-1,0
2016.36,16.0,3.0,-1,0
2016.38,16.0,3.0,-1,0
2016.4,16.0,3.0,-1,0
2016.42,16.0,3.0,-1,0
2016.44,16.0,3.0,-1,-1
2016.46,16.0,3.0,-1,-1
2016.48,16.0,3.0,-1,-1
2016.5,16.0,3.0,-1,-1
2016.52,16.0,3.0,-1,-1
2016.54,16.0,3.0,-1,-1
2016.56,16.0,3.0,-1,-1
2016.58,16.0,3.0,-1,-1
2016.6,16.0,3.0,-1,-1
2016.62,16.0,3.0,-1,-1
2016.64,16.0,3.0,-1,-1
2016.66,16.0,3.0,-1,-1
2016.68,16.0,3.0,-1,-1
2016.7,16.0,3.0,-1,-1
2016.72,16.0,3.0,-1,-1
2016.74,16.0,3.0,-1,-1
2016.76,16.0,3.0,-1,-1
2016.78,16.0,3.0,-1,-1
2016.8,16.0,3.0,-1,-1
2016.82,16.0,3.0,-1,-1
2016.84,16.0,3.0,-1,-1
2016.86,16.0,3.0,-1,-1
2016.88,16.0,3.0,-1,-1
2016.9,16.0,3.0,-1,-1
2016.92,16.0,3.0,-1,-1
2016.94,16.0,3.0,-1,-1
2016.96,16.0,3.0,-1,-1
2016.98,16.0,3.0,-1,-1
2017.0,16.0,3.0,-1,-1
2017.02,16.0,3.0,-1,-1
2017.04,16.0,3.0,-1,-1
2017.06,16.0,3.0,-1,-1
2017.08,16.0,3.0,-1,-1
2017.1,16.0,3.0,-1,-1
2017.12,16.0,3.0,-1,-1
2017.14,16.0,3.0,-1,-1
2017.16,16.0,3.0,-1,-1
2017.18,16.0,3.0,-1,-1
2017.2,16.0,3.0,-1,-1
2017.22,16.0,3.0,-1,-1
2017.24,16.0,3.0,-1,-1
2017.26,16.0,3.0,-1,-1
2017.28,16.0,3.0,-1,-1
2017.3,16.0,3.0,-1,-1
2017.32,16.0,3.0,-1,-1
2017.34,16.0,3.0,-1,-1
2017.36,16.0,3.0,-1,-1
2017.38,16.0,3.0,-1,-1
2017.4,16.0,3.0,-1,-1
2017.42,16.0,3.0,-1,-1
2017.44,16.0,3.0,-1,-1
2017.46,16.0,3.0,-1,-1
2017.48,16.0,3.0,-1,-1
2017.5,16.0,3.0,-1,-1
2017.52,16.0,3.0,-1,-1
2017.54,16.0,3.0,-1,-1
2017.56,16.0,3.0,-1,-1
2017.58,16.0,3.0,-1,-1
2017.6,16.0,3.0,-1,-1
2017.62,16.0,3.0,-1,-1
2017.64,16.0,3.0,-1,-1
2017.66,16.0,3.0,-1,-1
2017.68,16.0,3.0,-1,-1
2017.7,16.0,3.0,-1,-1
2017.72,16.0,3.0,-1,-1
2017.74,16.0,3.0,-1,-1
2017.76,16.0,3.0,-1,-1
2017.78,16.0,3.0,-1,-1
2017.8,16.0,3.0,-1,-1
2017.82,16.0,3.0,-1,-1
2017.84,16.0,3.0,-1,-1
2017.86,16.0,3.0,-1,-1
2017.88,16.0,3.0,-1,-1
2017.9,16.0,3.0,-1,-1
2017.92,16.0,3.0,-1,-1
2017.94,16.0,3.0,-1,-1
2017.96,16.0,3.0,-1,-1
2017.98,16.0,3.0,-1,-1
2018.0,16.0,3.0,-1,-1
2018.02,16.0,3.0,-1,-1
2018.04,16.0,3.0,-1,-1
2018.06,16.0,3.0,-1,-1
2018.08,16.0,3.0,-1,-1
2018.1,16.0,3.0,-1,-1
2018.12,16.0,3.0,-1,-1
2018.14,16.0,3.0,-1,-1
2018.16,16.0,3.0,-1,-1
2018.18,16.0,3.0,-1,-1
2018.2,16.0,3.0,-1,-1
2018.22,16.0,3.0,-1,-1
2018.24,16.0,3.0,-1,-1
2018.26,16.0,3.0,-1,-1
2018.28,16.0,3.0,-1,-1
2018.3,16.0,3.0,-1,-1
2018.32,16.0,3.0,-1,-1
2018.34,16.0,3.0,-1,-1
2018.36,16.0,3.0,-1,-1
2018.38,16.0,3.0,-1,-1
2018.4,16.0,3.0,-1,-1
2018.42,16.0,3.0,-1,-1
2018.44,16.0,3.0,-1,-1
2018.46,16.0,3.0,-1,-1
2018.48,16.0,3.0,-1,-1
2018.5,16.0,3.0,-1,-1
2018.52,16.0,3.0,-1,-1
2018.54,16.0,3.0,-1,-1
2018.56,16.0,3.0,-1,-1
2018.58,16.0,3.0,-1,-1
2018.6,16.0,3.0,-1,-1
2018.62,16.0,3.0,-1,-1
2018.64,16.0,3.0,-1,-1
2018.66,16.0,3.0,-1,-1
2018.68,16.0,3.0,-1,-1
2018.7,16.0,3.0,-1,-1
2018.72,16.0,3.0,-1,-1
2018.74,16.0,3.0,-1,-1
2018.76,16.0,3.0,-1,-1
2018.78,16.0,3.0,-1,-1
2018.8,16.0,3.0,-1,-1
2018.82,16.0,3.0,-1,-1
2018.84,16.0,3.0,-1,-1
2018.86,16.0,3.0,-1,-1
2018.88,16.0,3.0,-1,-1
2018.9,16.0,3.0,-1,-1
2018.92,16.0,3.0,-1,-1
2018.94,16.0,3.0,-1,-1
2018.96,16.0,3.0,-1,-1
2018.98,16.0,3.0,-1,-1
2019.0,16.0,3.0,-1,-1
2019.02,16.0,3.0,-1,-1
2019.04,16.0,3.0,-1,-1
2019.06,16.0,3.0,-1,-1
2019.08,16.0,3.0,-1,-1
2019.1,16.0,3.0,-1,-1
2019.12,16.0,3.0,-1,-1
2019.14,16.0,3.0,-1,-1
2019.16,16.0,3.0,-1,-1
2019.18,16.0,3.0,-1,-1
2019.2,16.0,3.0,-1,-1
2019.22,16.0,3.0,-1,-1
2019.24,16.0,3.0,-1,-1
2019.26,16.0,3.0,-1,-1
2019.28,16.0,3.0,-1,-1
2019.3,16.0,3.0,-1,-1
2019.32,16.0,3.0,-1,-1
2019.34,16.0,3.0,-1,-1
2019.36,16.0,3.0,-1,-1
2019.38,16.0,3.0,-1,-1
2019.4,16.0,3.0,-1,-1
2019.42,16.0,3.0,-1,-1
2019.44,16.0,3.0,-1,-1
2019.46,16.0,3.0,-1,-1
2019.48,16.0,3.0,-1,-1
2019.5,16.0,3.0,-1,-1
2019.52,16.0,3.0,-1,-1
2019.54,16.0,3.0,-1,-1
2019.56,16.0,3.0,-1,-1
2019.58,16.0,3.0,-1,-1
2019.6,16.0,3.0,-1,-1
2019.62,16.0,3.0,-1,-1
2019.64,16.0,3.0,-1,-1
2019.66,16.0,3.0,-1,-1
2019.68,16.0,3.0,-1,-1
2019.7,16.0,3.0,-1,-1
2019.72,16.0,3.0,-1,-1
2019.74,16.0,3.0,-1,-1
2019.76,16.0,3.0,-1,-1
2019.78,16.0,3.0,-1,-1
2019.8,16.0,3.0,-1,-1
2019.82,16.0,3.0,-1,-1
2019.84,16.0,3.0,-1,-1
2019.86,16.0,3.0,-1,-1
2019.88,16.0,3.0,-1,-1
2019.9,16.0,3.0,-1,-1
2019.92,16.0,3.0,-1,-1
2019.94,16.0,3.0,-1,-1
2019.96,16.0,3.0,-1,-1
2019.98,16.0,3.0,-1,-1
2020.0,16.0,3.0,-1,-1
2020.02,16.0,3.0,-1,-1
2020.04,16.0,3.0,-1,-1
2020.06,16.0,3.0,-1,-1
2020.08,16.0,3.0,-1,-1
2020.1,16.0,3.0,-1,-1
2020.12,16.0,3.0,-1,-1
2020.14,16.0,3.0,-1,-1
2020.16,16.0,3.0,-1,-1
2020.18,16.0,3.0,-1,-1
2020.2,16.0,3.0,-1,-1
2020.22,16.0,3.0,-1,-1
2020.24,16.0,3.0,-1,-1
2020.26,16.0,3.0,-1,-1
2020.28,16.0,3.0,-1,-1
2020.3,16.0,3.0,-1,-1
2020.32,16.0,3.0,-1,-1
2020.34,16.0,3.0,-1,-1
2020.36,16.0,3.0,-1,-1
2020.38,16.0,3.0,-1,-1
2020.4,16.0,3.0,-1,-1
2020.42,16.0,3.0,-1,-1
2020.44,16.0,3.0,-1,-1
2020.46,16.0,3.0,-1,-1
2020.48,16.0,3.0,-1,-1
2020.5,16.0,3.0,-1,-1
2020.52,16.0,3.0,-1,-1
2020.54,16.0,3.0,-1,-1
2020.56,16.0,3.0,-1,-1
2020.58,16.0,3.0,-1,-1
2020.6,16.0,3.0,-1,-1
2020.62,16.0,3.0,-1,-1
2020.64,16.0,3.0,-1,-1
2020.66,16.0,3.0,-1,-1
2020.68,16.0,3.0,-1,-1
2020.7,16.0,3.0,-1,-1
2020.72,16.0,3.0,-1,-1
2020.74,16.0,3.0,-1,-1
2020.76,16.0,3.0,-1,-1
2020.78,16.0,3.0,-1,-1
2020.8,16.0,3.0,-1,-1
2020.82,16.0,3.0,-1,-1
2020.84,16.0,3.0,-1,-1
2020.86,16.0,3.0,-1,-1
2020.88,16.0,3.0,-1,-1
2020.9,16.0,3.0,-1,-1
2020.92,16.0,3.0,-1,-1
2020.94,16.0,3.0,-1,-1
2020.96,16.0,3.0,-1,-1
2020.98,16.0,3.0,-1,-1
2021.0,16.0,3.0,-1,-1
2021.02,16.0,3.0,-1,-1
2021.04,16.0,3.0,-1,-1
2021.06,16.0,3.0,-1,-1
2021.08,16.0,3.0,-1,-1
2021.1,16.0,3.0,-1,-1
2021.12,16.0,3.0,-1,-1
2021.14,16.0,3.0,-1,-1
2021.16,16.0,3.0,-1,-1
2021.18,16.0,3.0,-1,-1
2021.2,16.0,3.0,-1,-1
2021.22,16.0,3.0,-1,-1
2021.24,16.0,3.0,-1,-1
2021.26,16.0,3.0,-1,-1
2021.28,16.0,3.0,-1,-1
2021.3,16.0,3.0,-1,-1
2021.32,16.0,3.0,-1,-1
2021.34,16.0,3.0,-1,-1
2021.36,16.0,3.0,-1,-1
2021.38,16.0,3.0,-1,-1
2021.4,16.0,3.0,-1,-1
2021.42,16.0,3.0,-1,-1
2021.44,16.0,3.0,-1,-1
2021.46,16.0,3.0,-1,-1
2021.48,16.0,3.0,-1,-1
2021.5,16.0,3.0,-1,-1
2021.52,16.0,3.0,-1,-1
2021.54,16.0,3.0,-1,-1
2021.56,16.0,3.0,-1,-1
2021.58,16.0,3.0,-1,-1
2021.6,16.0,3.0,-1,-1
2021.62,16.0,3.0,-1,-1
2021.64,16.0,3.0,-1,-1
2021.66,16.0,3.0,-1,-1
2021.68,16.0,3.0,-1,-1
2021.7,16.0,3.0,-1,-1
2021.72,16.0,3.0,-1,-1
2021.74,16.0,3.0,-1,-1
2021.76,16.0,3.0,-1,-1
2021.78,16.0,3.0,-1,-1
2021.8,16.0,3.0,-1,-1
2021.82,16.0,3.0,-1,-1
2021.84,16.0,3.0,-1,-1
2021.86,16.0,3.0,-1,-1
2021.88,16.0,3.0,-1,-1
2021.9,16.0,3.0,-1,-1
2021.92,16.0,3.0,-1,-1
2021.94,16.0,3.0,-1,-1
2021.96,16.0,3.0,-1,-1
2021.98,16.0,3.0,-1,-1
2022.0,16.0,3.0,-1,-1
2022.02,16.0,3.0,-1,-1
2022.04,16.0,3.0,-1,-1
2022.06,16.0,3.0,-1,-1
2022.08,16.0,3.0,-1,-1
2022.1,16.0,3.0,-1,-1
2022.12,16.0,3.0,-1,-1
2022.14,16.0,3.0,-1,-1
2022.16,16.0,3.0,-1,-1
2022.18,16.0,3.0,-1,-1
2022.2,16.0,3.0,-1,-1
2022.22,16.0,3.0,-1,-1
2022.24,16.0,3.0,-1,-1
2022.26,16.0,3.0,-1,-1
2022.28,16.0,3.0,-1,-1
2022.3,16.0,3.0,-1,-1
2022.32,16.0,3.0,-1,-1
2022.34,16.0,3.0,-1,-1
2022.36,16.0,3.0,-1,-1
2022.38,16.0,3.0,-1,-1
2022.4,16.0,3.0,-1,-1
2022.42,16.0,3.0,-1,-1
2022.44,16.0,3.0,-1,-1
2022.46,16.0,3.0,-1,-1
2022.48,16.0,3.0,-1,-1
2022.5,16.0,3.0,-1,-1
2022.52,16.0,3.0,-1,-1
2022.54,16.0,3.0,-1,-1
2022.56,16.0,3.0,-1,-1
2022.58,16.0,3.0,-1,-1
2022.6,16.0,3.0,-1,-1
2022.62,16.0,3.0,-1,-1
2022.64,16.0,3.0,-1,-1
2022.66,16.0,3.0,-1,-1
2022.68,16.0,3.0,-1,-1
2022.7,16.0,3.0,-1,-1
2022.72,16.0,3.0,-1,-1
2022.74,16.0,3.0,-1,-1
2022.76,16.0,3.0,-1,-1
2022.78,16.0,3.0,-1,-1
2022.8,16.0,3.0,-1,-1
2022.82,16.0,3.0,-1,-1
2022.84,16.0,3.0,-1,-1
2022.86,16.0,3.0,-1,-1
2022.88,16.0,3.0,-1,-1
2022.9,16.0,3.0,-1,-1
2022.92,16.0,3.0,-1,-1
2022.94,16.0,3.0,-1,-1
2022.96,16.0,3.0,-1,-1
2022.98,16.0,3.0,-1,-1
2023.0,16.0,3.0,-1,-1
2023.02,16.0,3.0,-1,-1
2023.04,16.0,3.0,-1,-1
2023.06,16.0,3.0,-1,-1
2023.08,16.0,3.0,-1,-1
2023.1,16.0,3.0,-1,-1
2023.12,16.0,3.0,-1,-1
2023.14,16.0,3.0,-1,-1
2023.16,16.0,3.0,-1,-1
2023.18,16.0,3.0,-1,-1
2023.2,16.0,3.0,-1,-1
2023.22,16.0,3.0,-1,-1
2023.24,16.0,3.0,-1,-1
2023.26,16.0,3.0,-1,-1
2023.28,16.0,3.0,-1,-1
2023.3,16.0,3.0,-1,-1
2023.32,16.0,3.0,-1,-1
2023.34,16.0,3.0,-1,-1
2023.36,16.0,3.0,-1,-1
2023.38,16.0,3.0,-1,-1
2023.4,16.0,3.0,-1,-1
2023.42,16.0,3.0,-1,-1
2023.44,16.0,3.0,-1,-1
2023.46,16.0,3.0,-1,-1
2023.48,16.0,3.0,-1,-1
2023.5,16.0,3.0,-1,-1
2023.52,16.0,3.0,-1,-1
2023.54,16.0,3.0,-1,-1
2023.56,16.0,3.0,-1,-1
2023.58,16.0,3.0,-1,-1
2023.6,16.0,3.0,-1,-1
2023.62,16.0,3.0,-1,-1
2023.64,16.0,3.0,-1,-1
2023.66,16.0,3.0,-1,-1
2023.68,16.0,3.0,-1,-1
2023.7,16.0,3.0,-1,-1
2023.72,16.0,3.0,-1,-1
2023.74,16.0,3.0,-1,-1
2023.76,16.0,3.0,-1,-1
2023.78,16.0,3.0,-1,-1
2023.8,16.0,3.0,-1,-1
2023.82,16.0,3.0,-1,-1
2023.84,16.0,3.0,-1,-1
2023.86,16.0,3.0,-1,-1
2023.88,16.0,3.0,-1,-1
2023.9,16.0,3.0,-1,-1
2023.92,16.0,3.0,-1,-1
2023.94,16.0,3.0,-1,-1
2023.96,16.0,3.0,-1,-1
2023.98,16.0,3.0,-1,-1
2024.0,16.0,3.0,-1,-1
2024.02,16.0,3.0,-1,-1
2024.04,16.0,3.0,-1,-1
2024.06,16.0,3.0,-1,-1
2024.08,16.0,3.0,-1,-1
2024.1,16.0,3.0,-1,-1
2024.12,16.0,3.0,-1,-1
2024.14,16.0,3.0,-1,-1
2024.16,16.0,3.0,-1,-1
2024.18,16.0,3.0,-1,-1
2024.2,16.0,3.0,-1,-1
2024.22,16.0,3.0,-1,-1
2024.24,16.0,3.0,-1,-1
2024.26,16.0,3.0,-1,-1
2024.28,16.0,3.0,-1,-1
2024.3,16.0,3.0,-1,-1
2024.32,16.0,3.0,-1,-1
2024.34,16.0,3.0,-1,-1
2024.36,16.0,3.0,-1,-1
2024.38,16.0,3.0,-1,-1
2024.4,16.0,3.0,-1,-1
2024.42,16.0,3.0,-1,-1
2024.44,16.0,3.0,-1,-1
2024.46,16.0,3.0,-1,-1
2024.48,16.0,3.0,-1,-1
2024.5,16.0,3.0,-1,-1
2024.52,16.0,3.0,-1,-1
2024.54,16.0,3.0,-1,-1
2024.56,16.0,3.0,-1,-1
2024.58,16.0,3.0,-1,-1
2024.6,16.0,3.0,-1,-1
2024.62,16.0,3.0,-1,-1
2024.64,16.0,3.0,-1,-1
2024.66,16.0,3.0,-1,-1
2024.68,16.0,3.0,-1,-1
2024.7,16.0,3.0,-1,-1
2024.72,16.0,3.0,-1,-1
2024.74,16.0,3.0,-1,-1
2024.76,16.0,3.0,-1,-1
2024.78,16.0,3.0,-1,-1
2024.8,16.0,3.0,-1,-1
2024.82,16.0,3.0,-1,-1
2024.84,16.0,3.0,-1,-1
2024.86,16.0,3.0,-1,-1
2024.88,16.0,3.0,-1,-1
2024.9,16.0,3.0,-1,-1
2024.92,16.0,3.0,-1,-1
2024.94,16.0,3.0,-1,-1
2024.96,16.0,3.0,-1,-1
2024.98,16.0,3.0,-1,-1
2025.0,16.0,3.0,-1,-1
2025.02,16.0,3.0,-1,-1
2025.04,16.0,3.0,-1,-1
2025.06,16.0,3.0,-1,-1
2025.08,16.0,3.0,-1,-1
2025.1,16.0,3.0,-1,-1
2025.12,16.0,3.0,-1,-1
2025.14,16.0,3.0,-1,-1
2025.16,16.0,3.0,-1,-1
2025.18,16.0,3.0,-1,-1
2025.2,16.0,3.0,-1,-1
2025.22,16.0,3.0,-1,-1
2025.24,16.0,3.0,-1,-1
2025.26,16.0,3.0,-1,-1
2025.28,16.0,3.0,-1,-1
2025.3,16.0,3.0,-1,-1
2025.32,16.0,3.0,-1,-1
2025.34,16.0,3.0,-1,-1
2025.36,16.0,3.0,-1,-1
2025.38,16.0,3.0,-1,-1
2025.4,16.0,3.0,-1,-1
2025.42,16.0,3.0,-1,-1
2025.44,16.0,3.0,-1,-1
2025.46,16.0,3.0,-1,-1
2025.48,16.0,3.0,-1,-1
2025.5,16.0,3.0,-1,-1
2025.52,16.0,3.0,-1,-1
2025.54,16.0,3.0,-1,-1
2025.56,16.0,3.0,-1,-1
2025.58,16.0,3.0,-1,-1
2025.6,16.0,3.0,-1,-1
2025.62,16.0,3.0,-1,-1
2025.64,16.0,3.0,-1,-1
2025.66,16.0,3.0,-1,-1
2025.68,16.0,3.0,-1,-1
2025.7,16.0,3.0,-1,-1
2025.72,16.0,3.0,-1,-1
2025.74,16.0,3.0,-1,-1
2025.76,16.0,3.0,-1,-1
2025.78,16.0,3.0,-1,-1
2025.8,16.0,3.0,-1,-1
2025.82,16.0,3.0,-1,-1
2025.84,16.0,3.0,-1,-1
2025.86,16.0,3.0,-1,-1
2025.88,16.0,3.0,-1,-1
2025.9,16.0,3.0,-1,-1
2025.92,16.0,3.0,-1,-1
2025.94,16.0,3.0,-1,-1
2025.96,16.0,3.0,-1,-1
2025.98,16.0,3.0,-1,-1
2026.0,16.0,3.0,-1,-1
2026.02,16.0,3.0,-1,-1
2026.04,16.0,3.0,-1,-1
2026.06,16.0,3.0,-1,-1
2026.08,16.0,3.0,-1,-1
2026.1,16.0,3.0,-1,-1
2026.12,16.0,3.0,-1,-1
2026.14,16.0,3.0,-1,-1
2026.16,16.0,3.0,-1,-1
2026.18,16.0,3.0,-1,-1
2026.2,16.0,3.0,-1,-1
2026.22,16.0,3.0,-1,-1
2026.24,16.0,3.0,-1,-1
2026.26,16.0,3.0,-1,-1
2026.28,16.0,3.0,-1,-1
2026.3,16.0,3.0,-1,-1
2026.32,16.0,3.0,-1,-1
2026.34,16.0,3.0,-1,-1
2026.36,16.0,3.0,-1,-1
2026.38,16.0,3.0,-1,-1
2026.4,16.0,3.0,-1,-1
2026.42,16.0,3.0,-1,-1
2026.44,16.0,3.0,-1,-1
2026.46,16.0,3.0,-1,-1
2026.48,16.0,3.0,-1,-1
2026.5,16.0,3.0,-1,-1
2026.52,16.0,3.0,-1,-1
2026.54,16.0,3.0,-1,-1
2026.56,16.0,3.0,-1,-1
2026.58,16.0,3.0,-1,-1
2026.6,16.0,3.0,-1,-1
2026.62,16.0,3.0,-1,-1
2026.64,16.0,3.0,-1,-1
2026.66,16.0,3.0,-1,-1
2026.68,16.0,3.0,-1,-1
2026.7,16.0,3.0,-1,-1
2026.72,16.0,3.0,-1,-1
2026.74,16.0,3.0,-1,-1
2026.76,16.0,3.0,-1,-1
2026.78,16.0,3.0,-1,-1
2026.8,16.0,3.0,-1,-1
2026.82,16.0,3.0,-1,-1
2026.84,16.0,3.0,-1,-1
2026.86,16.0,3.0,-1,-1
2026.88,16.0,3.0,-1,-1
2026.9,16.0,3.0,-1,-1
2026.92,16.0,3.0,-1,-1
2026.94,16.0,3.0,-1,-1
2026.96,16.0,3.0,-1,-1
2026.98,16.0,3.0,-1,-1
2027.0,16.0,3.0,-1,-1
2027.02,16.0,3.0,-1,-1
2027.04,16.0,3.0,-1,-1
2027.06,16.0,3.0,-1,-1
2027.08,16.0,3.0,-1,-1
2027.1,16.0,3.0,-1,-1
2027.12,16.0,3.0,-1,-1
2027.14,16.0,3.0,-1,-1
2027.16,16.0,3.0,-1,-1
2027.18,16.0,3.0,-1,-1
2027.2,16.0,3.0,-1,-1
2027.22,16.0,3.0,-1,-1
2027.24,16.0,3.0,-1,-1
2027.26,16.0,3.0,-1,-1
2027.28,16.0,3.0,-1,-1
2027.3,16.0,3.0,-1,-1
2027.32,16.0,3.0,-1,-1
2027.34,16.0,3.0,-1,-1
2027.36,16.0,3.0,-1,-1
2027.38,16.0,3.0,-1,-1
2027.4,16.0,3.0,-1,-1
2027.42,16.0,3.0,-1,-1
2027.44,16.0,3.0,-1,-1
2027.46,16.0,3.0,-1,-1
2027.48,16.0,3.0,-1,-1
2027.5,16.0,3.0,-1,-1
2027.52,16.0,3.0,-1,-1
2027.54,16.0,3.0,-1,-1
2027.56,16.0,3.0,-1,-1
2027.58,16.0,3.0,-1,-1
2027.6,16.0,3.0,-1,-1
2027.62,16.0,3.0,-1,-1
2027.64,16.0,3.0,-1,-1
2027.66,16.0,3.0,-1,-1
2027.68,16.0,3.0,-1,-1
2027.7,16.0,3.0,-1,-1
2027.72,16.0,3.0,-1,-1
2027.74,16.0,3.0,-1,-1
2027.76,16.0,3.0,-1,-1
2027.78,16.0,3.0,-1,-1
2027.8,16.0,3.0,-1,-1
2027.82,16.0,3.0,-1,-1
2027.84,16.0,3.0,-1,-1
2027.86,16.0,3.0,-1,-1
2027.88,16.0,3.0,-1,-1
2027.9,16.0,3.0,-1,-1
2027.92,16.0,3.0,-1,-1
2027.94,16.0,3.0,-1,-1
2027.96,16.0,3.0,-1,-1
2027.98,16.0,3.0,-1,-1
2028.0,16.0,3.0,-1,-1
2028.02,16.0,3.0,-1,-1
2028.04,16.0,3.0,-1,-1
2028.06,16.0,3.0,-1,-1
2028.08,16.0,3.0,-1,-1
2028.1,16.0,3.0,-1,-1
2028.12,16.0,3.0,-1,-1
2028.14,16.0,3.0,-1,-1
2028.16,16.0,3.0,-1,-1
2028.18,16.0,3.0,-1,-1
2028.2,16.0,3.0,-1,-1
2028.22,16.0,3.0,-1,-1
2028.24,16.0,3.0,-1,-1
2028.26,16.0,3.0,-1,-1
2028.28,16.0,3.0,-1,-1
2028.3,16.0,3.0,-1,-1
2028.32,16.0,3.0,-1,-1
2028.34,16.0,3.0,-1,-1
2028.36,16.0,3.0,-1,-1
2028.38,16.0,3.0,-1,-1
2028.4,16.0,3.0,-1,-1
2028.42,16.0,3.0,-1,-1
2028.44,16.0,3.0,-1,-1
2028.46,16.0,3.0,-1,-1
2028.48,16.0,3.0,-1,-1
2028.5,16.0,3.0,-1,-1
2028.52,16.0,3.0,-1,-1
2028.54,16.0,3.0,-1,-1
2028.56,16.0,3.0,-1,-1
2028.58,16.0,3.0,-1,-1
2028.6,16.0,3.0,-1,-1
2028.62,16.0,3.0,-1,-1
2028.64,16.0,3.0,-1,-1
2028.66,16.0,3.0,-1,-1
2028.68,16.0,3.0,-1,-1
2028.7,16.0,3.0,-1,-1
2028.72,16.0,3.0,-1,-1
2028.74,16.0,3.0,-1,-1
2028.76,16.0,3.0,-1,-1
2028.78,16.0,3.0,-1,-1
2028.8,16.0,3.0,-1,-1
2028.82,16.0,3.0,-1,-1
2028.84,16.0,3.0,-1,-1
2028.86,16.0,3.0,-1,-1
2028.88,16.0,3.0,-1,-1
2028.9,16.0,3.0,-1,-1
2028.92,16.0,3.0,-1,-1
2028.94,16.0,3.0,-1,-1
2028.96,16.0,3.0,-1,-1
2028.98,16.0,3.0,-1,-1
2029.0,16.0,3.0,-1,-1
2029.02,16.0,3.0,-1,-1
2029.04,16.0,3.0,-1,-1
2029.06,16.0,3.0,-1,-1
2029.08,16.0,3.0,-1,-1
2029.1,16.0,3.0,-1,-1
2029.12,16.0,3.0,-1,-1
2029.14,16.0,3.0,-1,-1
2029.16,16.0,3.0,-1,-1
2029.18,16.0,3.0,-1,-1
2029.2,16.0,3.0,-1,-1
2029.22,16.0,3.0,-1,-1
2029.24,16.0,3.0,-1,-1
2029.26,16.0,3.0,-1,-1
2029.28,16.0,3.0,-1,-1
2029.3,16.0,3.0,-1,-1
2029.32,16.0,3.0,-1,-1
2029.34,16.0,3.0,-1,-1
2029.36,16.0,3.0,-1,-1
2029.38,16.0,3.0,-1,-1
2029.4,16.0,3.0,-1,-1
2029.42,16.0,3.0,-1,-1
2029.44,16.0,3.0,-1,-1
2029.46,16.0,3.0,-1,-1
2029.48,16.0,3.0,-1,-1
2029.5,16.0,3.0,-1,-1
2029.52,16.0,3.0,-1,-1
2029.54,16.0,3.0,-1,-1
2029.56,16.0,3.0,-1,-1
2029.58,16.0,3.0,-1,-1
2029.6,16.0,3.0,-1,-1
2029.62,16.0,3.0,-1,-1
2029.64,16.0,3.0,-1,-1
2029.66,16.0,3.0,-1,-1
2029.68,16.0,3.0,-1,-1
2029.7,16.0,3.0,-1,-1
2029.72,16.0,3.0,-1,-1
2029.74,16.0,3.0,-1,-1
2029.76,16.0,3.0,-1,-1
2029.78,16.0,3.0,-1,-1
2029.8,16.0,3.0,-1,-1
2029.82,16.0,3.0,-1,-1
2029.84,16.0,3.0,-1,-1
2029.86,16.0,3.0,-1,-1
2029.88,16.0,3.0,-1,-1
2029.9,16.0,3.0,-1,-1
2029.92,16.0,3.0,-1,-1
2029.94,16.0,3.0,-1,-1
2029.96,16.0,3.0,-1,-1
2029.98,16.0,3.0,-1,-1
2030.0,16.0,3.0,-1,-1
2030.02,16.0,3.0,-1,-1
2030.04,16.0,3.0,-1,-1
2030.06,16.0,3.0,-1,-1
2030.08,16.0,3.0,-1,-1
2030.1,16.0,3.0,-1,-1
2030.12,16.0,3.0,-1,-1
2030.14,16.0,3.0,-1,-1
2030.16,16.0,3.0,-1,-1
2030.18,16.0,3.0,-1,-1
2030.2,16.0,3.0,-1,-1
2030.22,16.0,3.0,-1,-1
2030.24,16.0,3.0,-1,-1
2030.26,16.0,3.0,-1,-1
2030.28,16.0,3.0,-1,-1
2030.3,16.0,3.0,-1,-1
2030.32,16.0,3.0,-1,-1
2030.34,16.0,3.0,-1,-1
2030.36,16.0,3.0,-1,-1
2030.38,16.0,3.0,-1,-1
2030.4,16.0,3.0,-1,-1
2030.42,16.0,3.0,-1,-1
2030.44,16.0,3.0,-1,-1
2030.46,16.0,3.0,-1,-1
2030.48,16.0,3.0,-1,-1
2030.5,16.0,3.0,-1,-1
2030.52,16.0,3.0,-1,-1
2030.54,16.0,3.0,-1,-1
2030.56,16.0,3.0,-1,-1
2030.58,16.0,3.0,-1,-1
2030.6,16.0,3.0,-1,-1
2030.62,16.0,3.0,-1,-1
2030.64,16.0,3.0,-1,-1
2030.66,16.0,3.0,-1,-1
2030.68,16.0,3.0,-1,-1
2030.7,16.0,3.0,-1,-1
2030.72,16.0,3.0,-1,-1
2030.74,16.0,3.0,-1,-1
2030.76,16.0,3.0,-1,-1
2030.78,16.0,3.0,-1,-1
2030.8,16.0,3.0,-1,-1
2030.82,16.0,3.0,-1,-1
2030.84,16.0,3.0,-1,-1
2030.86,16.0,3.0,-1,-1
2030.88,16.0,3.0,-1,-1
2030.9,16.0,3.0,-1,-1
2030.92,16.0,3.0,-1,-1
2030.94,16.0,3.0,-1,-1
2030.96,16.0,3.0,-1,-1
2030.98,16.0,3.0,-1,-1
2031.0,16.0,3.0,-1,-1
2031.02,16.0,3.0,-1,-1
2031.04,16.0,3.0,-1,-1
2031.06,16.0,3.0,-1,-1
2031.08,16.0,3.0,-1,-1
2031.1,16.0,3.0,-1,-1
2031.12,16.0,3.0,-1,-1
2031.14,16.0,3.0,-1,-1
2031.16,16.0,3.0,-1,-1
2031.18,16.0,3.0,-1,-1
2031.2,16.0,3.0,-1,-1
2031.22,16.0,3.0,-1,-1
2031.24,16.0,3.0,-1,-1
2031.26,16.0,3.0,-1,-1
2031.28,16.0,3.0,-1,-1
2031.3,16.0,3.0,-1,-1
2031.32,16.0,3.0,-1,-1
2031.34,16.0,3.0,-1,-1
2031.36,16.0,3.0,-1,-1
2031.38,16.0,3.0,-1,-1
2031.4,16.0,3.0,-1,-1
2031.42,16.0,3.0,-1,-1
2031.44,16.0,3.0,-1,-1
2031.46,16.0,3.0,-1,-1
2031.48,16.0,3.0,-1,-1
2031.5,16.0,3.0,-1,-1
2031.52,16.0,3.0,-1,-1
2031.54,16.0,3.0,-1,-1
2031.56,16.0,3.0,-1,-1
2031.58,16.0,3.0,-1,-1
2031.6,16.0,3.0,-1,-1
2031.62,16.0,3.0,-1,-1
2031.64,16.0,3.0,-1,-1
2031.66,16.0,3.0,-1,-1
2031.68,16.0,3.0,-1,-1
2031.7,16.0,3.0,-1,-1
2031.72,16.0,3.0,-1,-1
2031.74,16.0,3.0,-1,-1
2031.76,16.0,3.0,-1,-1
2031.78,16.0,3.0,-1,-1
2031.8,16.0,3.0,-1,-1
2031.82,16.0,3.0,-1,-1
2031.84,16.0,3.0,-1,-1
2031.86,16.0,3.0,-1,-1
2031.88,16.0,3.0,-1,-1
2031.9,16.0,3.0,-1,-1
2031.92,16.0,3.0,-1,-1
2031.94,16.0,3.0,-1,-1
2031.96,16.0,3.0,-1,-1
2031.98,16.0,3.0,-1,-1
2032.0,16.0,3.0,-1,-1
2032.02,16.0,3.0,-1,-1
2032.04,16.0,3.0,-1,-1
2032.06,16.0,3.0,-1,-1
2032.08,16.0,3.0,-1,-1
2032.1,16.0,3.0,-1,-1
2032.12,16.0,3.0,-1,-1
2032.14,16.0,3.0,-1,-1
2032.16,16.0,3.0,-1,-1
2032.18,16.0,3.0,-1,-1
2032.2,16.0,3.0,-1,-1
2032.22,16.0,3.0,-1,-1
2032.24,16.0,3.0,-1,-1
2032.26,16.0,3.0,-1,-1
2032.28,16.0,3.0,-1,-1
2032.3,16.0,3.0,-1,-1
2032.32,16.0,3.0,-1,-1
2032.34,16.0,3.0,-1,-1
2032.36,16.0,3.0,-1,-1
2032.38,16.0,3.0,-1,-1
2032.4,16.0,3.0,-1,-1
2032.42,16.0,3.0,-1,-1
2032.44,16.0,3.0,-1,-1
2032.46,16.0,3.0,-1,-1
2032.48,16.0,3.0,-1,-1
2032.5,16.0,3.0,-1,-1
2032.52,16.0,3.0,-1,-1
2032.54,16.0,3.0,-1,-1
2032.56,16.0,3.0,-1,-1
2032.58,16.0,3.0,-1,-1
2032.6,16.0,3.0,-1,-1
2032.62,16.0,3.0,-1,-1
2032.64,16.0,3.0,-1,-1
2032.66,16.0,3.0,-1,-1
2032.68,16.0,3.0,-1,-1
2032.7,16.0,3.0,-1,-1
2032.72,16.0,3.0,-1,-1
2032.74,16.0,3.0,-1,-1
2032.76,16.0,3.0,-1,-1
2032.78,16.0,3.0,-1,-1
2032.8,16.0,3.0,-1,-1
2032.82,16.0,3.0,-1,-1
2032.84,16.0,3.0,-1,-1
2032.86,16.0,3.0,-1,-1
2032.88,16.0,3.0,-1,-1
2032.9,16.0,3.0,-1,-1
2032.92,16.0,3.0,-1,-1
2032.94,16.0,3.0,-1,-1
2032.96,16.0,3.0,-1,-1
2032.98,16.0,3.0,-1,-1
2033.0,16.0,3.0,-1,-1
2033.02,16.0,3.0,-1,-1
2033.04,16.0,3.0,-1,-1
2033.06,16.0,3.0,-1,-1
2033.08,16.0,3.0,-1,-1
2033.1,16.0,3.0,-1,-1
2033.12,16.0,3.0,-1,-1
2033.14,16.0,3.0,-1,-1
2033.16,16.0,3.0,-1,-1
2033.18,16.0,3.0,-1,-1
2033.2,16.0,3.0,-1,-1
2033.22,16.0,3.0,-1,-1
2033.24,16.0,3.0,-1,-1
2033.26,16.0,3.0,-1,-1
2033.28,16.0,3.0,-1,-1
2033.3,16.0,3.0,-1,-1
2033.32,16.0,3.0,-1,-1
2033.34,16.0,3.0,-1,-1
2033.36,16.0,3.0,-1,-1
2033.38,16.0,3.0,-1,-1
2033.4,16.0,3.0,-1,-1
2033.42,16.0,3.0,-1,-1
2033.44,16.0,3.0,-1,-1
2033.46,16.0,3.0,-1,-1
2033.48,16.0,3.0,-1,-1
2033.5,16.0,3.0,-1,-1
2033.52,16.0,3.0,-1,-1
2033.54,16.0,3.0,-1,-1
2033.56,16.0,3.0,-1,-1
2033.58,16.0,3.0,-1,-1
2033.6,16.0,3.0,-1,-1
2033.62,16.0,3.0,-1,-1
2033.64,16.0,3.0,-1,-1
2033.66,16.0,3.0,-1,-1
2033.68,16.0,3.0,-1,-1
2033.7,16.0,3.0,-1,-1
2033.72,16.0,3.0,-1,-1
2033.74,16.0,3.0,-1,-1
2033.76,16.0,3.0,-1,-1
2033.78,16.0,3.0,-1,-1
2033.8,16.0,3.0,-1,-1
2033.82,16.0,3.0,-1,0
2033.84,16.0,3.0,-1,0
2033.86,16.0,3.0,-1,0
2033.88,16.0,3.0,-1,0
2033.9,16.0,3.0,-1,0
2033.92,16.0,3.0,-1,0
2033.94,16.0,3.0,-1,0
2033.96,16.0,3.0,-1,0
2033.98,16.0,3.0,-1,0
2034.0,16.0,3.0,-1,0
2034.02,16.0,3.0,-1,0
2034.04,16.0,3.0,-1,0
2034.06,16.0,3.0,-1,0
2034.08,16.0,3.0,-1,0
2034.1,16.0,3.0,-1,0
2034.12,16.0,3.0,-1,0
2034.14,16.0,3.0,-1,0
2034.16,16.0,3.0,-1,0
2034.18,16.0,3.0,-1,0
2034.2,16.0,3.0,-1,0
2034.22,16.0,3.0,-1,0
2034.24,16.0,3.0,-1,0
2034.26,16.0,3.0,-1,0
2034.28,16.0,3.0,-1,0
2034.3,16.0,3.0,-1,0
2034.32,16.0,3.0,-1,0
2034.34,16.0,3.0,-1,0
2034.36,16.0,3.0,-1,0
2034.38,16.0,3.0,-1,0
2034.4,16.0,3.0,-1,0
2034.42,16.0,3.0,-1,0
2034.44,16.0,3.0,-1,0
2034.46,16.0,3.0,-1,0
2034.48,16.0,3.0,-1,0
2034.5,16.0,3.0,-1,0
2034.52,16.0,3.0,-1,0
2034.54,16.0,3.0,-1,0
2034.56,16.0,3.0,-1,0
2034.58,16.0,3.0,-1,0
2034.6,16.0,3.0,-1,0
2034.62,16.0,3.0,-1,0
2034.64,16.0,3.0,-1,0
2034.66,16.0,3.0,-1,-1
2034.68,16.0,3.0,-1,-1
2034.7,16.0,3.0,-1,-1
2034.72,16.0,3.0,-1,-1
2034.74,16.0,3.0,-1,-1
2034.76,16.0,3.0,-1,-1
2034.78,16.0,3.0,-1,-1
2034.8,16.0,3.0,-1,-1
2034.82,16.0,3.0,-1,-1
2034.84,16.0,3.0,-1,-1
2034.86,16.0,3.0,-1,-1
2034.88,16.0,3.0,-1,-1
2034.9,16.0,3.0,-1,-1
2034.92,16.0,3.0,-1,-1
2034.94,16.0,3.0,-1,-1
2034.96,16.0,3.0,-1,-1
2034.98,16.0,3.0,-1,-1
2035.0,16.0,3.0,-1,-1
2035.02,16.0,3.0,-1,-1
2035.04,16.0,3.0,-1,-1
2035.06,16.0,3.0,-1,-1
2035.08,16.0,3.0,-1,-1
2035.1,16.0,3.0,-1,-1
2035.12,16.0,3.0,-1,-1
2035.14,16.0,3.0,-1,-1
2035.16,16.0,3.0,-1,-1
2035.18,16.0,3.0,-1,-1
2035.2,16.0,3.0,-1,-1
2035.22,16.0,3.0,-1,-1
2035.24,16.0,3.0,-1,-1
2035.26,16.0,3.0,-1,-1
2035.28,16.0,3.0,-1,-1
2035.3,16.0,3.0,-1,-1
2035.32,16.0,3.0,-1,-1
2035.34,16.0,3.0,-1,-1
2035.36,16.0,3.0,-1,-1
2035.38,16.0,3.0,-1,-1
2035.4,16.0,3.0,-1,-1
2035.42,16.0,3.0,-1,-1
2035.44,16.0,3.0,-1,-1
2035.46,16.0,3.0,-1,-1
2035.48,16.0,3.0,-1,-1
2035.5,16.0,3.0,-1,-1
2035.52,16.0,3.0,-1,-1
2035.54,16.0,3.0,-1,-1
2035.56,16.0,3.0,-1,-1
2035.58,16.0,3.0,-1,-1
2035.6,16.0,3.0,-1,-1
2035.62,16.0,3.0,-1,-1
2035.64,16.0,3.0,-1,-1
2035.66,16.0,3.0,-1,-1
2035.68,16.0,3.0,-1,-1
2035.7,16.0,3.0,-1,-1
2035.72,16.0,3.0,-1,-1
2035.74,16.0,3.0,-1,-1
2035.76,16.0,3.0,-1,-1
2035.78,16.0,3.0,-1,-1
2035.8,16.0,3.0,-1,-1
2035.82,16.0,3.0,-1,-1
2035.84,16.0,3.0,-1,-1
2035.86,16.0,3.0,-1,-1
2035.88,16.0,3.0,-1,-1
2035.9,16.0,3.0,-1,-1
2035.92,16.0,3.0,-1,-1
2035.94,16.0,3.0,-1,-1
2035.96,16.0,3.0,-1,-1
2035.98,16.0,3.0,-1,-1
2036.0,16.0,3.0,-1,-1
2036.02,16.0,3.0,-1,-1
2036.04,16.0,3.0,-1,-1
2036.06,16.0,3.0,-1,-1
2036.08,16.0,3.0,-1,-1
2036.1,16.0,3.0,-1,-1
2036.12,16.0,3.0,-1,-1
2036.14,16.0,3.0,-1,-1
2036.16,16.0,3.0,-1,-1
2036.18,16.0,3.0,-1,-1
2036.2,16.0,3.0,-1,-1
2036.22,16.0,3.0,-1,-1
2036.24,16.0,3.0,-1,-1
2036.26,16.0,3.0,-1,-1
2036.28,16.0,3.0,-1,-1
2036.3,16.0,3.0,-1,-1
2036.32,16.0,3.0,-1,-1
2036.34,16.0,3.0,-1,-1
2036.36,16.0,3.0,-1,-1
2036.38,16.0,3.0,-1,-1
2036.4,16.0,3.0,-1,-1
2036.42,16.0,3.0,-1,-1
2036.44,16.0,3.0,-1,-1
2036.46,16.0,3.0,-1,-1
2036.48,16.0,3.0,-1,-1
2036.5,16.0,3.0,-1,-1
2036.52,16.0,3.0,-1,-1
2036.54,16.0,3.0,-1,-1
2036.56,16.0,3.0,-1,-1
2036.58,16.0,3.0,-1,-1
2036.6,16.0,3.0,-1,-1
2036.62,16.0,3.0,-1,-1
2036.64,16.0,3.0,-1,-1
2036.66,16.0,3.0,-1,-1
2036.68,16.0,3.0,-1,-1
2036.7,16.0,3.0,-1,-1
2036.72,16.0,3.0,-1,-1
2036.74,16.0,3.0,-1,-1
2036.76,16.0,3.0,-1,-1
2036.78,16.0,3.0,-1,-1
2036.8,16.0,3.0,-1,-1
2036.82,16.0,3.0,-1,-1
2036.84,16.0,3.0,-1,-1
2036.86,16.0,3.0,-1,-1
2036.88,16.0,3.0,-1,-1
2036.9,16.0,3.0,-1,-1
2036.92,16.0,3.0,-1,-1
2036.94,16.0,3.0,-1,-1
2036.96,16.0,3.0,-1,-1
2036.98,16.0,3.0,-1,-1
2037.0,16.0,3.0,-1,-1
2037.02,16.0,3.0,-1,-1
2037.04,16.0,3.0,-1,-1
2037.06,16.0,3.0,-1,-1
2037.08,16.0,3.0,-1,-1
2037.1,16.0,3.0,-1,-1
2037.12,16.0,3.0,-1,-1
2037.14,16.0,3.0,-1,-1
2037.16,16.0,3.0,-1,-1
2037.18,16.0,3.0,-1,-1
2037.2,16.0,3.0,-1,-1
2037.22,16.0,3.0,-1,-1
2037.24,16.0,3.0,-1,-1
2037.26,16.0,3.0,-1,-1
2037.28,16.0,3.0,-1,-1
2037.3,16.0,3.0,-1,-1
2037.32,16.0,3.0,-1,-1
2037.34,16.0,3.0,-1,-1
2037.36,16.0,3.0,-1,-1
2037.38,16.0,3.0,-1,-1
2037.4,16.0,3.0,-1,-1
2037.42,16.0,3.0,-1,-1
2037.44,16.0,3.0,-1,-1
2037.46,16.0,3.0,-1,-1
2037.48,16.0,3.0,-1,-1
2037.5,16.0,3.0,-1,-1
2037.52,16.0,3.0,-1,-1
2037.54,16.0,3.0,-1,-1
2037.56,16.0,3.0,-1,-1
2037.58,16.0,3.0,-1,-1
2037.6,16.0,3.0,-1,-1
2037.62,16.0,3.0,-1,-1
2037.64,16.0,3.0,-1,-1
2037.66,16.0,3.0,-1,-1
2037.68,16.0,3.0,-1,-1
2037.7,16.0,3.0,-1,-1
2037.72,16.0,3.0,-1,-1
2037.74,16.0,3.0,-1,-1
2037.76,16.0,3.0,-1,-1
2037.78,16.0,3.0,-1,-1
2037.8,16.0,3.0,-1,-1
2037.82,16.0,3.0,-1,-1
2037.84,16.0,3.0,-1,-1
2037.86,16.0,3.0,-1,-1
2037.88,16.0,3.0,-1,-1
2037.9,16.0,3.0,-1,-1
2037.92,16.0,3.0,-1,-1
2037.94,16.0,3.0,-1,-1
2037.96,16.0,3.0,-1,-1
2037.98,16.0,3.0,-1,-1
2038.0,16.0,3.0,-1,-1
2038.02,16.0,3.0,-1,-1
2038.04,16.0,3.0,-1,-1
2038.06,16.0,3.0,-1,-1
2038.08,16.0,3.0,-1,-1
2038.1,16.0,3.0,-1,-1
2038.12,16.0,3.0,-1,-1
2038.14,16.0,3.0,-1,-1
2038.16,16.0,3.0,-1,-1
2038.18,16.0,3.0,-1,-1
2038.2,16.0,3.0,-1,-1
2038.22,16.0,3.0,-1,-1
2038.24,16.0,3.0,-1,-1
2038.26,16.0,3.0,-1,-1
2038.28,16.0,3.0,-1,-1
2038.3,16.0,3.0,-1,-1
2038.32,16.0,3.0,-1,-1
2038.34,16.0,3.0,-1,-1
2038.36,16.0,3.0,-1,-1
2038.38,16.0,3.0,-1,-1
2038.4,16.0,3.0,-1,-1
2038.42,16.0,3.0,-1,-1
2038.44,16.0,3.0,-1,-1
2038.46,16.0,3.0,-1,-1
2038.48,16.0,3.0,-1,-1
2038.5,16.0,3.0,-1,-1
2038.52,16.0,3.0,-1,-1
2038.54,16.0,3.0,-1,-1
2038.56,16.0,3.0,-1,-1
2038.58,16.0,3.0,-1,-1
2038.6,16.0,3.0,-1,-1
2038.62,16.0,3.0,-1,-1
2038.64,16.0,3.0,-1,-1
2038.66,16.0,3.0,-1,-1
2038.68,16.0,3.0,-1,-1
2038.7,16.0,3.0,-1,-1
2038.72,16.0,3.0,-1,-1
2038.74,16.0,3.0,-1,-1
2038.76,16.0,3.0,-1,-1
2038.78,16.0,3.0,-1,-1
2038.8,16.0,3.0,-1,-1
2038.82,16.0,3.0,-1,-1
2038.84,16.0,3.0,-1,-1
2038.86,16.0,3.0,-1,-1
2038.88,16.0,3.0,-1,-1
2038.9,16.0,3.0,-1,-1
2038.92,16.0,3.0,-1,-1
2038.94,16.0,3.0,-1,-1
2038.96,16.0,3.0,-1,-1
2038.98,16.0,3.0,-1,-1
2039.0,16.0,3.0,-1,-1
2039.02,16.0,3.0,-1,-1
2039.04,16.0,3.0,-1,-1
2039.06,16.0,3.0,-1,-1
2039.08,16.0,3.0,-1,-1
2039.1,16.0,3.0,-1,-1
2039.12,16.0,3.0,-1,-1
2039.14,16.0,3.0,-1,-1
2039.16,16.0,3.0,-1,-1
2039.18,16.0,3.0,-1,-1
2039.2,16.0,3.0,-1,-1
2039.22,16.0,3.0,-1,-1
2039.24,16.0,3.0,-1,-1
2039.26,16.0,3.0,-1,-1
2039.28,16.0,3.0,-1,-1
2039.3,16.0,3.0,-1,-1
2039.32,16.0,3.0,-1,-1
2039.34,16.0,3.0,-1,-1
2039.36,16.0,3.0,-1,-1
2039.38,16.0,3.0,-1,-1
2039.4,16.0,3.0,-1,-1
2039.42,16.0,3.0,-1,-1
2039.44,16.0,3.0,-1,-1
2039.46,16.0,3.0,-1,-1
2039.48,16.0,3.0,-1,-1
2039.5,16.0,3.0,-1,-1
2039.52,16.0,3.0,-1,-1
2039.54,16.0,3.0,-1,-1
2039.56,16.0,3.0,-1,-1
2039.58,16.0,3.0,-1,-1
2039.6,16.0,3.0,-1,-1
2039.62,16.0,3.0,-1,-1
2039.64,16.0,3.0,-1,-1
2039.66,16.0,3.0,-1,-1
2039.68,16.0,3.0,-1,-1
2039.7,16.0,3.0,-1,-1
2039.72,16.0,3.0,-1,-1
2039.74,16.0,3.0,-1,-1
2039.76,16.0,3.0,-1,-1
2039.78,16.0,3.0,-1,-1
2039.8,16.0,3.0,-1,-1
2039.82,16.0,3.0,-1,-1
2039.84,16.0,3.0,-1,-1
2039.86,16.0,3.0,-1,-1
2039.88,16.0,3.0,-1,-1
2039.9,16.0,3.0,-1,-1
2039.92,16.0,3.0,-1,-1
2039.94,16.0,3.0,-1,-1
2039.96,16.0,3.0,-1,-1
2039.98,16.0,3.0,-1,-1
2040.0,16.0,3.0,-1,-1
2040.02,16.0,3.0,-1,-1
2040.04,16.0,3.0,-1,-1
2040.06,16.0,3.0,-1,-1
2040.08,16.0,3.0,-1,-1
2040.1,16.0,3.0,-1,-1
2040.12,16.0,3.0,-1,-1
2040.14,16.0,3.0,-1,-1
2040.16,16.0,3.0,-1,-1
2040.18,16.0,3.0,-1,-1
2040.2,16.0,3.0,-1,-1
2040.22,16.0,3.0,-1,-1
2040.24,16.0,3.0,-1,-1
2040.26,16.0,3.0,-1,-1
2040.28,16.0,3.0,-1,-1
2040.3,16.0,3.0,-1,-1
2040.32,16.0,3.0,-1,-1
2040.34,16.0,3.0,-1,-1
2040.36,16.0,3.0,-1,-1
2040.38,16.0,3.0,-1,-1
2040.4,16.0,3.0,-1,-1
2040.42,16.0,3.0,-1,-1
2040.44,16.0,3.0,-1,-1
2040.46,16.0,3.0,-1,-1
2040.48,16.0,3.0,-1,-1
2040.5,16.0,3.0,-1,-1
2040.52,16.0,3.0,-1,-1
2040.54,16.0,3.0,-1,-1
2040.56,16.0,3.0,-1,-1
2040.58,16.0,3.0,-1,-1
2040.6,16.0,3.0,-1,-1
2040.62,16.0,3.0,-1,-1
2040.64,16.0,3.0,-1,-1
2040.66,16.0,3.0,-1,-1
2040.68,16.0,3.0,-1,-1
2040.7,16.0,3.0,-1,-1
2040.72,16.0,3.0,-1,-1
2040.74,16.0,3.0,-1,-1
2040.76,16.0,3.0,-1,-1
2040.78,16.0,3.0,-1,-1
2040.8,16.0,3.0,-1,-1
2040.82,16.0,3.0,-1,-1
2040.84,16.0,3.0,-1,-1
2040.86,16.0,3.0,-1,-1
2040.88,16.0,3.0,-1,-1
2040.9,16.0,3.0,-1,-1
2040.92,16.0,3.0,-1,-1
2040.94,16.0,3.0,-1,-1
2040.96,16.0,3.0,-1,-1
2040.98,16.0,3.0,-1,-1
2041.0,16.0,3.0,-1,-1
2041.02,16.0,3.0,-1,-1
2041.04,16.0,3.0,-1,-1
2041.06,16.0,3.0,-1,-1
2041.08,16.0,3.0,-1,-1
2041.1,16.0,3.0,-1,-1
2041.12,16.0,3.0,-1,-1
2041.14,16.0,3.0,-1,-1
2041.16,16.0,3.0,-1,-1
2041.18,16.0,3.0,-1,-1
2041.2,16.0,3.0,-1,-1
2041.22,16.0,3.0,-1,-1
2041.24,16.0,3.0,-1,-1
2041.26,16.0,3.0,-1,-1
2041.28,16.0,3.0,-1,-1
2041.3,16.0,3.0,-1,-1
2041.32,16.0,3.0,-1,-1
2041.34,16.0,3.0,-1,-1
2041.36,16.0,3.0,-1,-1
2041.38,16.0,3.0,-1,-1
2041.4,16.0,3.0,-1,-1
2041.42,16.0,3.0,-1,-1
2041.44,16.0,3.0,-1,-1
2041.46,16.0,3.0,-1,-1
2041.48,16.0,3.0,-1,-1
2041.5,16.0,3.0,-1,-1
2041.52,16.0,3.0,-1,-1
2041.54,16.0,3.0,-1,-1
2041.56,16.0,3.0,-1,-1
2041.58,16.0,3.0,-1,-1
2041.6,16.0,3.0,-1,-1
2041.62,16.0,3.0,-1,-1
2041.64,16.0,3.0,-1,-1
2041.66,16.0,3.0,-1,-1
2041.68,16.0,3.0,-1,-1
2041.7,16.0,3.0,-1,-1
2041.72,16.0,3.0,-1,-1
2041.74,16.0,3.0,-1,-1
2041.76,16.0,3.0,-1,-1
2041.78,16.0,3.0,-1,-1
2041.8,16.0,3.0,-1,-1
2041.82,16.0,3.0,-1,-1
2041.84,16.0,3.0,-1,-1
2041.86,16.0,3.0,-1,-1
2041.88,16.0,3.0,-1,-1
2041.9,16.0,3.0,-1,-1
2041.92,16.0,3.0,-1,-1
2041.94,16.0,3.0,-1,-1
2041.96,16.0,3.0,-1,-1
2041.98,16.0,3.0,-1,-1
2042.0,16.0,3.0,-1,-1
2042.02,16.0,3.0,-1,-1
2042.04,16.0,3.0,-1,-1
2042.06,16.0,3.0,-1,-1
2042.08,16.0,3.0,-1,-1
2042.1,16.0,3.0,-1,-1
2042.12,16.0,3.0,-1,-1
2042.14,16.0,3.0,-1,-1
2042.16,16.0,3.0,-1,-1
2042.18,16.0,3.0,-1,-1
2042.2,16.0,3.0,-1,-1
2042.22,16.0,3.0,-1,-1
